1000 50
119 81 56 58 31 65 60 106 52 58 69 65 63 115 88 94 81 34 66 49 47 91 106 86 78 38 99 120 82 87 53 69 51 65 65 94 40 38 112 59 99 44 76 102 103 90 56 80 33 77 107 112 43 96 74 70 79 52 87 83 30 91 118 91 72 30 37 91 112 34 80 30 87 92 45 42 110 49 35 53 84 54 80 70 83 96 80 34 81 113 34 56 47 50 80 62 93 92 41 44 115 109 76 44 113 116 31 95 35 77 67 55 53 81 62 66 80 96 101 112 54 54 62 48 115 114 86 60 48 48 92 103 118 88 82 63 57 111 90 60 47 38 72 40 55 80 109 116 36 55 113 74 80 117 103 45 97 97 94 119 69 100 49 73 44 104 66 79 48 115 57 106 104 91 53 98 38 83 45 57 33 109 87 48 75 68 108 112 91 89 45 54 30 40 87 63 109 50 63 46 101 46 72 65 64 62 92 118 74 91 84 118 62 97 88 56 105 68 31 100 50 56 54 79 109 93 53 84 73 84 64 32 74 51 82 66 54 81 41 111 34 66 99 84 55 44 89 33 118 37 97 58 68 73 109 77 86 118 113 91 114 60 50 63 44 113 49 62 31 75 117 48 51 108 48 104 97 101 45 84 33 38 30 118 117 44 59 93 102 54 72 45 105 48 89 66 85 41 82 60 110 53 46 91 109 81 69 120 85 70 77 76 41 80 76 65 118 76 43 61 91 96 111 112 85 113 104 41 79 85 55 75 88 108 49 95 107 66 80 98 89 74 36 77 85 36 117 76 80 118 78 80 49 106 62 91 45 91 119 110 107 78 81 75 54 38 76 84 119 94 96 45 96 100 107 86 40 98 87 118 116 83 87 70 54 65 59 104 110 35 115 37 83 34 67 99 116 70 34 58 55 41 88 96 76 36 113 64 39 88 93 83 67 102 84 110 82 113 77 102 72 43 59 52 102 48 31 102 114 58 38 81 74 35 72 57 99 74 118 102 97 74 88 94 88 83 99 56 120 82 75 110 64 75 79 60 59 61 111 97 87 77 67 83 81 73 31 43 59 91 119 79 43 40 30 88 100 79 47 66 115 81 116 71 40 85 30 86 45 38 88 58 56 50 64 82 74 114 46 67 65 35 108 60 81 70 45 65 38 99 113 37 52 74 83 42 105 111 32 80 95 30 48 43 70 99 52 78 91 37 116 101 40 41 39 65 92 62 99 47 30 79 92 43 90 92 61 92 117 40 70 119 96 53 78 57 97 115 103 81 68 112 93 67 110 51 41 76 78 76 76 70 68 86 61 66 42 92 112 80 119 116 85 109 52 59 117 32 97 64 52 52 58 41 93 44 100 115 65 106 104 98 63 48 73 110 33 107 40 108 98 42 43 107 100 53 70 114 102 107 41 101 50 98 73 64 110 74 79 71 114 63 80 40 112 83 37 92 81 105 39 74 73 51 91 66 34 98 40 90 108 56 52 108 30 30 82 54 71 119 50 61 47 87 77 51 80 80 78 39 120 65 48 65 45 79 117 81 96 90 57 77 97 45 40 105 117 31 56 100 110 62 100 90 42 53 75 33 111 46 116 56 48 58 111 65 57 74 110 83 82 95 115 49 90 42 109 78 54 47 37 55 82 35 74 110 100 79 107 118 40 119 42 53 110 91 50 110 91 66 111 71 112 44 114 46 81 39 83 78 112 79 75 32 105 55 34 119 113 96 106 88 109 81 51 105 75 74 45 95 62 91 40 53 109 45 41 62 42 47 88 59 52 116 82 86 89 88 72 91 61 81 114 35 68 62 75 84 74 64 114 83 95 120 48 100 49 71 80 110 114 84 94 60 57 36 108 80 93 100 112 78 48 118 113 83 112 80 48 74 50 62 111 66 62 33 57 106 77 64 78 95 53 70 116 83 73 48 37 53 78 44 109 113 67 68 65 114 73 65 88 66 47 116 119 95 98 85 79 76 99 81 95 44 74 35 31 60 58 108 45 84 100 69 119 110 63 107 60 115 67 109 42 103 96 108 106 81 114 105 43 51 38 120 90 68 90 78 101 37 55 47 56 58 62 57 33 92 59 106 47 115 73 86 74 86 94 90 30 56 90 102 78 52 109 98 74 30 84 44 66 53 93 53 91 31 50 110 78 86 103 108 56 32 36 113 105 34 61 77 80 110 63 51 56 109 73 47 120 37 101 60 62 51 80 66 43 80 96 80 68 73 81 47 37 70 30 78 99 57 95 111 112 90 90 112 54 79 72 118 
155 137 83 48 34 40 91 115 81 76 111 113 37 100 83 91 58 50 32 58 113 70 141 49 92 52 35 93 110 149 155 88 26 59 80 117 141 58 32 110 67 86 48 135 56 94 88 126 92 114 
3000 
1 389
1 511
1 535
1 909
1 982
2 177
2 369
2 436
2 650
2 698
2 884
3 42
3 44
3 82
3 96
3 202
3 280
3 856
3 936
4 113
4 396
4 458
4 557
4 585
4 607
4 689
4 719
4 804
5 50
5 408
5 590
5 670
5 959
6 89
6 641
6 970
7 179
7 274
7 347
7 385
7 521
7 671
8 132
8 268
8 407
8 718
8 858
9 74
9 265
9 479
9 944
10 90
10 113
10 241
10 481
10 504
10 562
10 687
10 718
10 905
10 953
11 33
11 234
11 337
11 519
11 575
11 971
12 76
12 147
12 282
12 353
12 481
12 513
12 519
13 38
13 54
13 577
13 699
14 40
14 262
14 269
14 412
14 463
14 485
14 772
14 908
15 536
15 867
16 342
16 633
16 918
16 951
17 318
17 370
17 374
17 547
17 587
17 603
17 954
18 77
18 193
18 234
18 283
18 396
18 690
19 76
19 195
19 478
19 602
19 642
19 760
19 799
19 928
20 22
20 70
20 79
20 167
20 381
20 619
20 846
20 871
20 937
21 23
21 588
21 735
21 869
21 990
22 232
22 407
22 589
22 646
23 108
23 227
23 448
23 673
23 732
23 794
23 983
24 84
24 184
24 301
24 341
24 597
25 186
25 552
25 565
25 608
25 834
25 928
26 75
26 84
26 100
26 301
26 448
26 663
27 261
27 751
27 885
28 189
28 597
28 647
28 659
28 870
28 919
28 952
28 954
29 39
29 94
29 234
29 354
29 553
29 613
29 748
29 777
29 825
29 827
30 140
30 340
30 537
31 253
31 323
31 359
31 417
32 93
32 99
32 279
32 287
32 574
33 43
33 546
33 920
33 975
34 523
34 632
34 718
34 754
34 834
35 174
35 232
35 384
35 495
35 743
35 803
35 863
35 931
36 76
36 175
36 212
36 293
36 883
37 73
37 111
37 388
37 423
37 615
37 636
37 671
37 739
37 757
37 769
37 923
38 54
38 220
38 415
38 775
38 788
38 811
38 820
38 898
39 143
39 154
39 159
39 208
39 402
39 428
39 691
39 707
39 921
39 969
39 972
39 985
40 77
40 551
40 794
40 973
40 979
41 277
41 342
41 388
41 511
41 638
41 676
41 847
41 936
41 946
41 976
42 193
42 813
42 823
42 876
43 217
43 652
43 727
43 839
44 66
44 521
44 542
44 661
44 662
44 671
44 833
44 989
45 167
45 246
45 469
45 614
45 651
45 752
45 963
46 265
46 295
46 367
46 476
46 608
46 631
46 674
46 913
47 100
47 560
47 721
48 443
48 451
48 609
48 735
48 990
49 318
49 550
49 835
50 121
50 267
50 272
50 275
50 288
50 425
50 526
50 564
50 680
50 829
50 938
51 94
51 166
51 417
51 456
51 458
51 674
51 722
51 780
51 924
52 202
52 619
52 643
52 683
52 792
52 880
53 70
53 234
53 297
53 514
53 555
53 568
53 624
53 756
53 896
53 972
54 448
54 588
54 660
54 720
55 485
55 586
55 598
55 694
55 883
55 993
56 324
56 424
57 255
57 300
57 325
57 408
57 559
57 653
57 859
58 211
58 279
58 691
58 810
59 298
59 326
59 379
59 394
59 597
59 610
59 696
59 999
60 353
60 753
61 112
61 206
61 550
61 644
61 659
61 830
61 845
61 995
62 592
62 707
62 962
63 69
63 170
63 195
63 354
63 752
63 777
63 877
63 901
64 67
64 298
64 962
65 359
65 371
65 394
65 424
65 463
65 685
65 851
65 861
65 872
65 928
65 930
66 165
66 209
66 540
66 824
66 962
67 70
67 285
67 421
67 501
67 583
67 797
68 82
68 265
68 593
69 281
69 929
70 276
70 336
70 472
70 575
70 747
71 193
71 376
71 383
71 486
71 497
71 592
71 755
72 870
73 388
73 503
73 834
73 879
73 941
74 357
74 601
75 833
75 928
76 166
76 430
76 506
76 663
76 684
77 99
77 527
77 649
77 762
77 773
77 778
77 956
78 240
78 345
78 466
78 702
78 847
79 80
79 90
79 615
79 799
79 868
80 204
80 792
81 246
81 397
81 466
82 320
82 879
82 938
82 962
82 994
83 118
83 282
84 89
84 553
84 903
84 947
85 291
85 294
85 338
85 457
85 558
86 156
86 386
86 627
86 630
86 888
86 991
87 937
88 280
88 351
88 573
88 827
88 837
88 908
88 921
88 976
89 434
89 447
89 495
89 820
89 869
90 264
90 786
90 858
91 98
91 139
91 229
91 382
91 398
91 638
91 901
91 980
92 207
92 282
92 537
92 797
92 813
92 913
92 918
92 975
93 720
93 835
94 173
94 240
94 249
94 273
94 297
94 407
94 607
94 990
95 415
95 475
95 752
95 796
95 852
95 868
96 153
96 719
96 832
97 280
97 302
97 345
97 373
97 422
97 454
97 468
97 483
97 599
97 779
97 859
97 948
98 164
98 404
98 407
98 451
98 532
98 753
98 991
99 126
99 377
99 635
99 751
99 805
99 939
99 966
100 135
100 505
100 538
100 706
100 716
101 331
102 160
102 332
102 479
102 552
102 600
102 696
102 747
103 336
103 346
103 473
103 757
103 795
104 694
104 746
104 757
104 787
104 868
105 202
105 322
105 369
105 476
105 611
105 865
105 935
105 976
106 205
106 269
106 338
106 365
106 550
106 589
106 625
106 908
107 173
107 277
107 329
107 413
107 711
107 814
107 991
107 998
108 335
108 606
108 612
108 638
108 690
108 738
108 745
109 246
109 553
109 603
109 672
109 703
110 186
110 668
110 784
110 960
111 119
111 142
111 187
111 341
111 360
111 751
111 791
111 802
112 167
112 472
112 615
112 816
112 902
113 135
113 158
113 300
113 436
113 647
113 733
113 749
113 795
114 131
114 304
114 358
114 900
114 971
115 268
115 354
115 680
115 844
116 211
116 285
116 313
116 321
116 666
116 686
116 864
116 985
117 130
117 338
118 260
118 326
118 543
118 643
118 805
118 817
118 977
119 390
119 424
119 960
120 196
120 214
120 488
120 490
120 518
120 647
120 718
120 948
120 988
121 297
121 367
121 408
121 861
121 938
122 328
122 685
122 725
122 780
122 973
123 288
123 561
123 582
123 644
123 700
123 708
124 637
125 183
125 213
125 317
125 403
125 419
125 713
125 971
126 195
126 208
126 427
126 445
126 940
127 384
127 839
128 307
128 451
128 469
128 546
128 592
128 607
128 684
128 756
128 879
128 904
129 140
129 804
129 826
130 253
130 263
130 294
130 331
130 479
130 634
130 847
130 850
131 145
131 208
131 302
131 352
131 412
131 418
131 782
131 965
131 991
132 173
132 208
132 319
132 404
132 714
132 734
132 842
132 869
132 905
133 215
133 246
133 395
133 504
133 863
133 989
134 352
134 366
134 749
135 219
135 315
135 469
135 782
135 931
135 985
136 318
136 365
136 397
136 413
136 449
136 522
136 594
136 668
137 746
137 755
137 789
137 861
137 863
138 334
138 467
138 843
139 160
139 199
139 532
139 581
139 602
139 877
139 950
140 290
140 558
140 730
140 818
141 287
141 310
141 546
141 606
141 694
141 823
141 850
141 962
142 351
142 479
142 713
142 836
142 892
142 951
143 150
143 690
143 698
143 832
143 894
144 371
144 396
144 527
144 564
144 596
144 692
144 881
144 894
145 397
145 534
145 889
145 918
147 233
147 339
147 435
147 582
148 290
148 429
148 518
148 657
148 759
148 806
148 901
149 183
149 439
149 764
149 834
150 289
150 375
150 867
150 881
150 890
150 942
151 169
151 405
151 418
151 458
151 552
151 874
152 325
152 385
152 494
152 724
152 816
153 515
153 600
153 830
154 208
154 329
154 504
154 687
154 755
154 861
154 945
154 966
155 306
155 414
155 474
155 552
155 682
155 781
156 244
156 347
156 967
157 165
157 456
157 550
158 434
158 559
158 580
158 610
158 806
159 185
159 307
159 482
159 511
159 576
159 598
159 943
159 966
159 997
160 257
160 348
160 369
160 441
160 576
160 641
160 845
161 198
161 246
161 264
161 329
161 637
161 677
161 965
162 626
162 733
162 943
163 471
163 872
163 942
164 210
164 300
164 377
164 413
164 481
164 534
164 673
164 719
164 939
164 976
165 350
165 667
165 814
166 176
166 228
166 344
166 422
166 503
166 730
166 879
167 200
167 280
167 295
167 657
167 735
167 915
167 995
168 770
168 898
168 910
169 221
169 224
169 389
169 433
169 674
169 762
170 237
171 514
171 571
171 600
171 603
171 799
172 350
172 406
172 568
172 572
172 590
172 905
172 998
173 179
173 192
173 293
173 563
173 672
174 206
174 305
174 461
174 710
174 761
175 370
175 613
175 773
176 229
176 240
176 242
176 745
176 868
177 211
177 255
177 707
177 864
179 318
179 330
179 408
179 537
179 587
180 288
180 406
180 529
181 323
181 502
181 522
181 548
181 723
181 834
182 533
182 723
182 863
183 187
183 229
183 314
183 466
184 196
184 265
184 505
184 575
184 853
185 330
185 446
185 944
186 251
186 307
186 333
186 525
186 552
186 558
188 311
188 377
188 588
188 679
188 719
188 868
188 901
189 226
189 293
189 788
189 959
189 996
190 213
190 490
190 605
192 555
192 594
192 638
192 678
192 834
193 326
193 393
193 498
193 574
193 641
193 882
194 651
194 702
195 410
195 472
195 524
195 642
195 955
196 470
196 542
196 620
196 646
196 715
196 819
196 950
197 708
197 775
198 212
198 330
198 382
198 404
198 963
198 996
199 405
199 503
199 659
199 777
200 262
200 301
200 611
200 785
200 923
201 210
201 218
201 270
201 278
201 343
201 581
201 673
201 846
201 985
202 274
202 311
202 324
202 683
202 915
203 305
203 307
203 415
203 727
204 446
204 648
204 752
205 364
205 627
205 680
205 685
205 844
205 894
206 269
206 277
206 838
206 844
207 218
207 359
207 554
207 558
207 581
207 904
207 930
208 952
209 546
209 671
210 218
210 688
210 728
210 812
210 927
211 385
211 649
211 863
211 898
211 912
212 436
212 486
212 532
212 632
212 660
212 680
212 681
212 807
213 324
213 371
213 827
213 853
214 222
214 305
214 315
214 430
214 990
215 664
215 989
216 714
216 849
216 872
216 917
217 320
217 358
217 663
217 699
217 790
217 919
217 969
218 381
218 468
218 541
218 558
218 621
218 629
218 714
218 929
219 451
219 788
219 900
220 441
220 874
220 956
221 431
221 571
221 693
221 731
221 796
221 954
222 373
222 644
222 717
222 983
223 433
223 622
223 746
223 780
223 782
223 931
224 399
224 460
224 491
224 592
224 612
224 626
225 262
225 556
225 565
225 690
225 778
225 780
225 890
225 931
226 506
226 635
226 791
226 954
226 962
226 993
226 994
227 331
227 561
227 681
227 880
228 380
228 502
228 697
229 553
229 653
230 259
230 261
230 319
230 507
230 689
231 338
231 452
232 270
232 303
232 311
232 570
232 640
232 739
232 807
233 250
233 268
233 368
233 432
233 732
233 854
235 345
235 384
235 477
235 513
235 990
235 993
236 319
236 588
236 632
236 690
236 986
237 261
237 335
237 593
237 761
237 927
238 274
238 373
238 384
238 459
238 508
238 523
238 585
238 646
238 953
239 243
239 256
239 394
239 456
239 460
239 631
239 909
239 956
240 448
240 472
240 523
240 840
241 296
241 338
241 396
241 698
242 307
242 314
242 395
242 800
242 883
243 353
243 357
243 560
243 747
243 751
243 860
243 958
244 259
244 369
244 455
244 697
244 714
244 754
244 796
245 493
245 520
245 848
245 889
245 949
245 969
246 314
246 525
247 379
248 322
248 564
248 615
248 771
248 923
249 336
249 471
249 598
249 637
249 978
250 469
250 617
250 728
250 916
250 942
251 303
251 541
251 861
251 981
252 355
252 385
252 422
252 636
252 642
252 974
253 266
253 305
253 339
253 602
253 821
253 921
254 350
254 536
255 322
255 356
255 466
255 472
255 600
255 629
255 661
255 767
255 910
256 308
256 390
256 516
256 739
256 954
257 360
257 506
257 765
257 888
257 989
258 291
258 413
258 461
258 742
258 925
258 997
259 533
259 712
260 393
260 540
260 566
260 714
261 534
261 761
261 941
261 1000
262 316
262 917
263 308
263 383
263 453
263 897
263 988
264 274
264 290
264 328
264 434
264 618
264 780
265 298
265 585
265 817
265 866
266 421
266 488
266 555
266 565
266 599
266 603
267 748
268 350
268 391
268 430
268 467
268 519
268 616
268 677
268 703
268 828
268 983
269 385
269 727
269 908
270 324
270 371
270 393
270 561
270 584
270 906
271 394
272 334
272 767
272 775
272 856
273 282
273 284
273 507
273 635
273 874
274 620
274 729
274 860
275 689
275 722
275 880
275 915
275 926
276 424
276 473
276 536
276 873
277 374
277 415
277 567
277 623
277 648
277 900
277 933
277 962
278 412
278 614
278 658
278 817
278 844
278 893
279 327
279 735
279 850
279 911
280 315
280 430
280 496
280 540
280 677
280 769
280 940
281 592
281 758
281 835
282 375
282 535
282 771
282 973
282 974
283 484
283 898
283 978
284 694
284 845
285 475
285 714
286 471
286 585
286 751
286 914
287 617
287 834
287 924
288 355
288 528
288 745
289 381
289 684
289 702
289 757
289 991
290 481
290 617
290 702
290 959
291 598
291 632
291 833
291 865
292 861
293 347
293 490
293 576
293 601
293 619
293 668
293 747
293 794
294 456
294 534
294 744
294 823
294 828
295 399
295 824
296 589
296 733
296 893
296 949
297 345
297 465
297 603
297 731
297 871
297 896
297 951
297 977
298 515
299 449
299 651
299 831
299 850
299 937
299 972
300 354
300 360
300 538
300 621
300 792
300 837
301 556
301 698
301 823
301 868
302 352
302 701
302 731
302 732
303 408
303 573
304 325
304 348
304 472
304 544
304 608
304 662
304 677
304 939
304 967
305 467
305 592
305 790
305 944
306 762
306 834
306 908
306 922
306 939
307 366
307 614
307 630
308 478
308 764
308 859
308 863
308 884
308 900
309 399
309 428
309 661
309 855
309 897
310 327
310 622
310 701
310 876
310 931
311 419
311 500
311 521
311 758
311 847
311 849
312 408
312 568
312 593
313 356
313 415
313 783
313 833
313 910
314 359
314 499
314 593
314 612
314 777
315 879
316 364
316 576
317 374
317 633
318 432
318 465
318 551
319 554
319 583
319 666
319 866
319 974
319 980
319 990
320 969
321 790
321 840
322 550
322 842
322 871
323 463
323 471
323 758
323 933
324 429
324 470
324 693
325 417
325 483
325 586
325 797
325 818
325 922
326 538
326 594
326 766
326 802
326 945
326 980
327 419
327 439
327 643
327 645
327 761
327 825
327 939
328 358
328 451
328 618
328 619
329 434
329 506
329 598
329 706
329 940
330 433
330 898
330 979
331 795
331 801
332 427
332 579
332 657
332 848
332 936
332 972
333 842
333 877
333 910
334 974
335 609
335 939
336 415
336 521
336 684
337 849
337 951
338 520
338 568
338 595
338 639
338 712
338 833
339 461
339 820
339 948
340 424
340 527
340 676
340 844
341 389
341 586
341 588
341 803
342 704
342 741
343 510
343 560
343 840
344 412
344 425
344 840
344 881
344 905
345 352
345 353
345 980
345 997
346 501
346 655
346 715
346 839
347 609
347 622
348 514
348 607
348 825
348 965
349 434
349 468
349 958
350 450
350 468
350 545
350 568
350 692
350 811
350 829
350 942
351 569
351 632
352 380
352 622
352 624
352 629
353 702
353 743
353 794
353 961
354 607
354 687
354 732
354 810
355 444
355 516
355 518
355 750
356 374
356 698
356 730
357 400
357 437
357 945
358 373
358 409
358 630
358 738
358 747
359 563
359 609
359 658
359 718
359 997
360 412
360 556
360 681
360 788
360 793
361 472
361 830
361 886
361 897
362 443
362 688
362 860
362 883
362 899
363 433
363 653
363 730
363 819
363 868
364 376
364 441
364 701
364 750
365 568
365 688
365 783
365 902
366 676
366 714
366 788
366 827
366 842
367 576
367 872
367 883
368 402
368 557
368 850
368 984
369 389
369 476
369 536
369 669
369 740
369 765
370 682
370 702
370 730
370 779
370 877
371 433
371 542
371 805
372 382
372 469
372 691
372 738
372 989
373 479
374 413
374 417
374 622
374 714
374 763
374 971
375 454
375 918
376 538
376 568
376 715
377 481
377 876
377 892
378 621
378 635
379 482
379 526
379 625
379 697
380 385
380 831
380 917
381 803
381 814
381 843
381 933
382 402
383 587
383 707
384 463
384 580
384 677
384 873
384 925
384 993
385 404
385 651
385 659
385 831
385 955
386 469
386 538
387 508
387 886
387 940
388 630
388 642
388 698
388 899
389 404
389 616
389 634
389 636
389 642
389 703
389 941
390 502
391 520
391 608
391 749
391 783
391 946
392 654
392 698
392 745
393 408
393 454
393 691
393 791
393 856
393 914
394 433
394 436
394 492
394 650
394 737
394 907
395 515
395 661
395 865
396 785
396 813
397 440
397 453
397 511
397 855
398 501
398 660
398 967
398 999
399 559
399 661
399 682
399 699
399 743
399 803
400 437
400 640
401 494
401 692
402 509
402 703
402 770
402 895
403 527
403 586
403 703
404 573
404 620
404 814
404 989
405 485
405 529
405 716
405 874
405 899
405 927
406 428
406 537
406 850
407 524
407 732
408 876
408 915
408 944
409 522
409 683
409 799
409 834
409 859
409 958
410 631
410 661
410 697
410 909
410 956
410 967
411 421
411 535
411 553
411 798
412 475
413 577
414 517
414 620
415 530
415 713
415 820
416 503
416 855
416 996
417 544
417 798
418 997
419 542
419 653
419 659
419 777
419 801
419 806
419 989
420 486
420 638
420 982
421 547
421 631
421 711
421 857
422 768
423 576
423 883
424 578
424 580
424 640
424 864
425 556
425 690
425 723
425 812
426 448
426 591
426 608
427 488
427 501
427 678
427 726
428 610
428 841
429 457
429 814
429 875
430 564
430 596
430 614
431 522
431 704
431 730
431 766
431 835
431 961
432 441
432 479
432 551
432 677
433 521
433 542
433 583
433 700
434 498
434 607
434 714
435 452
435 737
435 933
436 439
436 749
437 558
437 743
438 524
438 564
438 574
439 462
440 457
440 520
440 632
440 724
440 754
440 832
441 508
441 518
441 721
441 759
441 818
442 996
443 717
443 870
443 903
444 918
445 531
445 824
445 943
446 561
446 676
447 518
447 619
447 773
449 559
449 561
449 821
449 987
450 594
450 637
450 674
450 946
451 602
451 618
452 540
452 628
452 749
452 786
452 946
452 955
452 961
452 970
453 509
453 849
453 908
454 711
455 567
455 973
457 486
457 628
457 776
458 549
458 565
458 911
458 968
459 573
459 582
459 687
459 816
460 500
460 534
460 558
460 576
460 839
461 696
461 711
461 813
462 500
462 658
462 729
462 821
463 495
463 617
464 535
464 562
464 675
465 681
466 503
466 772
466 794
467 498
467 557
468 629
468 706
468 855
468 861
469 610
469 663
470 792
470 893
471 605
471 731
471 873
471 885
472 726
473 578
473 615
473 817
473 851
474 490
474 819
475 576
475 621
475 701
475 802
476 991
477 481
477 566
477 833
477 902
478 619
478 621
478 668
478 976
479 555
479 841
480 596
480 699
480 937
480 953
481 633
482 614
482 920
483 717
483 782
483 851
484 566
484 581
484 713
484 767
484 830
484 954
484 964
484 985
486 747
486 924
486 929
487 586
487 827
488 565
489 542
489 626
489 657
489 909
489 988
490 505
490 684
491 794
491 839
491 965
492 621
492 676
492 744
493 666
494 561
494 622
494 924
495 524
495 579
495 709
495 790
496 674
496 891
496 985
497 808
498 608
498 755
498 920
498 995
499 535
499 581
499 594
499 670
499 746
500 732
501 706
501 798
502 510
503 533
503 585
503 981
504 647
504 735
504 880
504 881
504 916
504 942
506 507
506 530
506 577
506 847
506 862
506 955
507 538
507 880
507 903
508 654
508 656
508 822
509 607
509 669
509 761
509 774
510 595
510 653
510 712
510 733
510 791
510 880
510 897
511 551
511 599
511 600
511 779
511 956
512 588
512 653
512 775
513 517
514 857
515 692
515 760
516 596
516 678
516 679
516 751
516 982
517 529
517 621
517 647
517 855
518 557
518 783
519 798
519 836
519 884
519 919
520 566
520 586
520 598
520 599
520 945
521 534
521 579
521 810
521 940
522 851
522 876
522 919
522 944
523 576
523 930
524 786
525 583
525 699
525 834
526 596
526 881
526 887
527 764
529 655
529 795
529 835
529 839
529 875
529 890
529 981
530 979
531 881
532 636
532 718
532 743
532 873
532 985
533 739
533 851
534 536
534 595
534 748
534 828
534 836
534 941
535 650
535 705
535 716
536 591
536 623
536 668
536 733
536 961
536 967
536 975
537 562
538 576
538 578
538 841
539 563
540 777
540 996
541 651
541 744
541 909
541 920
542 841
542 915
543 604
543 610
543 627
543 635
544 547
544 822
545 666
545 841
545 907
545 942
546 558
546 565
546 809
546 846
546 914
547 604
547 749
547 885
547 927
548 652
550 681
550 758
550 799
551 745
551 792
551 801
551 833
552 771
553 568
553 589
553 600
553 667
554 667
554 871
554 943
554 975
555 576
555 666
555 965
556 611
556 668
556 976
557 642
557 656
557 681
557 856
558 582
558 699
558 717
558 853
559 806
559 838
559 852
559 922
560 647
560 650
560 667
560 949
560 962
561 589
561 981
562 736
562 782
562 820
562 865
562 906
562 985
563 619
563 700
563 808
564 776
564 793
565 712
565 821
566 702
567 815
567 877
568 649
568 726
568 902
568 939
569 956
570 571
570 624
570 790
570 801
570 828
571 857
572 742
572 870
573 797
573 881
573 902
575 685
575 708
576 584
576 616
576 628
576 665
576 702
577 632
577 885
577 901
577 910
578 630
578 665
578 722
579 777
581 709
581 846
581 945
582 937
582 968
583 678
583 773
584 604
585 858
586 604
586 657
586 682
586 730
586 804
586 905
586 908
587 613
587 759
587 801
588 645
588 708
588 927
589 661
589 814
590 760
590 867
590 970
591 599
591 851
591 975
592 654
592 690
592 736
592 822
592 866
593 900
594 628
594 964
594 976
596 656
596 728
596 736
597 638
597 655
597 689
597 695
598 692
599 649
599 714
599 768
599 856
599 864
599 872
600 635
600 711
600 906
601 814
601 835
601 881
601 925
601 934
602 713
602 818
602 969
603 625
603 643
603 733
603 883
604 778
605 706
606 786
606 860
606 949
607 663
607 807
607 949
609 671
610 634
611 620
611 639
611 649
611 770
611 820
611 998
612 675
612 755
612 758
612 786
612 942
613 712
614 765
614 859
616 681
616 755
616 770
616 839
616 840
617 925
618 785
618 972
619 731
619 784
619 827
619 964
621 625
621 631
621 664
621 667
621 849
622 638
622 669
623 691
623 709
623 838
623 876
624 856
624 869
624 889
624 896
624 982
625 804
625 835
626 714
626 791
626 869
627 667
627 831
627 853
627 915
628 907
628 912
630 717
630 835
630 957
631 910
632 665
632 845
632 899
632 907
633 771
634 958
635 856
635 978
636 660
636 783
636 955
637 946
638 798
638 874
639 741
639 752
640 907
641 895
641 925
642 679
642 745
642 755
643 855
644 803
644 955
644 971
645 752
645 910
645 971
646 731
648 809
648 884
648 997
649 978
651 663
651 675
652 707
652 910
653 740
654 709
654 946
655 910
656 862
657 913
658 775
658 788
658 799
658 869
658 989
659 968
659 989
660 854
660 904
661 903
662 791
662 958
663 698
663 836
664 679
664 731
664 836
665 688
667 781
667 873
667 977
669 671
669 733
670 741
670 902
671 840
672 755
672 811
672 896
673 684
673 950
675 757
675 918
676 678
676 683
676 701
676 851
676 906
677 896
678 796
678 869
679 912
679 996
680 854
680 857
681 832
682 809
682 850
682 954
683 794
684 835
684 838
684 939
686 722
686 771
687 852
688 954
689 844
690 741
690 967
691 857
692 785
692 851
693 921
693 989
694 824
694 868
694 1000
695 877
695 919
696 854
697 789
699 741
699 849
699 934
699 965
700 750
700 820
700 835
700 858
700 892
701 790
703 957
704 958
704 967
705 915
706 817
707 719
707 761
708 722
709 806
710 904
710 965
710 976
710 1000
711 941
711 964
711 996
713 918
713 949
714 936
714 944
715 761
715 854
715 893
715 987
716 894
716 992
717 861
718 821
719 770
719 854
720 985
721 778
721 780
721 867
722 986
723 821
724 789
725 754
728 762
728 1000
729 896
730 1000
731 761
731 859
732 755
732 771
732 879
733 789
735 774
735 856
735 955
736 918
736 991
736 996
737 918
737 980
739 925
739 994
740 824
740 828
741 855
742 853
742 994
743 885
744 768
744 780
744 883
746 803
746 868
746 921
746 943
747 811
747 816
748 838
748 880
749 793
750 814
750 837
750 873
750 948
752 950
753 836
753 960
753 999
754 952
755 756
757 803
758 866
758 875
759 856
759 935
761 769
761 894
762 799
764 898
764 956
765 859
766 771
766 787
767 837
767 875
767 982
768 811
769 948
770 863
770 965
772 904
772 954
772 970
772 982
773 898
775 799
775 947
777 926
780 927
781 893
781 936
782 918
782 923
784 844
784 889
785 822
785 842
785 910
785 941
786 915
786 953
787 932
787 977
788 800
789 800
790 933
792 893
793 888
794 862
794 931
795 919
795 937
795 994
797 861
798 824
798 884
798 917
799 941
799 957
799 958
799 986
800 856
800 971
801 921
802 814
802 889
802 937
803 899
804 995
805 839
805 841
805 874
807 900
809 906
810 926
812 877
812 914
813 845
813 906
814 901
815 932
816 830
816 855
816 952
819 874
821 879
821 970
822 839
822 866
823 964
823 989
826 873
826 919
828 852
829 876
831 881
832 972
833 877
833 907
834 966
835 978
837 861
839 842
839 942
840 877
841 852
842 879
844 929
846 913
846 964
847 863
848 893
848 929
850 970
851 927
853 947
853 980
854 929
855 869
856 895
856 994
857 934
858 908
861 862
861 920
863 991
866 983
868 984
869 990
870 974
872 928
876 999
877 1000
879 905
880 923
884 1000
885 976
886 990
887 966
889 936
889 979
890 936
891 950
891 963
897 938
897 943
901 921
901 960
903 918
905 929
905 990
906 930
906 975
907 963
908 984
909 933
910 959
910 964
915 928
917 920
917 955
921 935
922 961
924 947
924 962
933 961
935 1000
943 978
944 967
945 959
954 997
959 980
961 964
964 979
965 999
971 986
973 987
979 999
984 991
