100 30
66 33 85 78 94 72 52 71 72 40 53 117 67 78 64 110 91 65 62 86 76 104 109 51 48 36 102 84 77 44 76 94 84 119 119 66 38 42 102 77 97 101 51 77 104 76 65 61 65 63 88 102 40 94 57 91 33 61 109 71 35 112 111 109 55 75 98 75 120 89 77 59 60 55 68 79 88 91 88 49 51 54 86 77 49 84 60 84 71 76 72 118 70 112 91 42 48 91 34 93 
150 66 59 72 59 116 138 51 66 38 107 47 56 50 61 48 82 43 50 69 85 68 111 124 79 96 103 137 141 117 
40 
3 47
7 63
8 23
10 11
11 13
11 17
11 50
11 80
14 36
14 91
18 61
23 75
25 41
25 62
27 84
27 94
28 62
31 35
31 66
33 86
34 91
35 69
37 89
38 50
39 46
43 74
47 94
52 59
53 57
54 73
56 64
59 78
60 90
66 80
71 94
73 87
73 91
73 94
84 92
87 100
