100 30
88 141 76 144 74 51 42 30 132 52 113 97 36 44 37 39 77 58 92 116 63 76 34 63 42 143 120 97 43 136 66 103 115 32 95 129 92 35 35 108 51 63 91 38 41 138 39 132 62 84 121 36 34 108 80 71 81 146 148 87 47 115 36 57 116 120 128 118 64 132 44 139 36 74 124 45 134 150 136 130 36 146 124 102 113 145 149 72 145 148 74 145 35 107 90 145 118 34 47 62 
155 40 20 60 88 152 47 125 78 47 153 83 62 85 47 89 140 147 109 41 101 154 68 146 44 115 60 121 75 89 
200 
1 54
1 89
1 98
2 52
3 25
3 48
3 79
4 32
4 47
4 49
4 50
5 91
5 92
6 15
6 25
6 36
6 72
6 88
7 15
7 32
7 45
7 53
8 14
8 58
8 59
8 62
8 96
9 23
9 80
9 93
9 99
10 29
10 32
10 63
10 71
10 77
11 56
12 82
12 94
12 97
12 100
13 63
14 52
14 60
14 71
14 82
14 100
15 33
15 41
15 44
15 68
15 75
15 94
16 25
16 46
16 56
17 85
17 88
18 31
18 77
18 96
19 34
19 35
19 75
20 30
20 54
20 69
20 79
20 83
21 28
21 29
21 53
21 76
22 97
22 100
23 45
23 48
23 50
23 57
23 60
23 76
23 100
24 26
24 40
24 74
25 39
25 42
25 48
25 50
25 62
25 91
26 77
27 37
27 38
27 53
27 72
27 80
28 35
28 49
28 59
28 84
28 88
29 48
30 31
30 32
30 64
30 71
30 74
30 77
31 33
31 39
31 59
31 99
32 52
32 59
33 34
33 50
33 69
33 79
33 89
34 56
34 77
35 54
35 73
35 100
36 88
36 89
37 43
37 45
37 51
37 60
38 71
38 99
39 73
39 75
39 89
40 94
41 69
41 90
41 98
41 99
42 55
42 61
42 100
43 49
43 100
44 97
45 65
46 50
46 57
47 50
47 52
47 73
47 84
47 90
48 51
48 80
49 76
49 80
49 99
50 52
51 60
51 67
53 55
54 59
54 70
54 91
55 65
56 67
56 82
58 61
58 88
59 77
59 84
60 69
60 79
63 83
63 89
63 100
66 74
66 96
67 78
67 93
67 100
69 97
70 71
73 80
73 94
75 81
78 88
78 95
80 93
81 87
81 94
84 90
86 87
86 98
87 88
88 98
91 99
