100 30
169 192 77 76 38 42 143 119 85 55 191 62 146 159 68 96 89 60 116 168 177 65 186 132 85 90 85 96 173 49 156 180 75 90 176 71 113 124 138 62 113 29 164 52 172 104 164 56 171 189 162 158 60 38 90 35 132 194 29 129 99 128 162 106 166 153 186 68 149 41 113 194 140 124 112 91 135 34 144 42 135 110 25 129 49 97 72 42 54 93 159 107 77 153 118 101 187 81 191 154 
201 54 75 84 157 142 162 106 47 153 192 101 119 181 47 138 122 42 62 104 33 135 158 111 145 174 197 81 201 94 
50 
1 49
1 79
3 54
4 25
4 63
5 64
13 97
17 18
19 57
20 38
21 53
22 47
22 64
22 70
24 40
24 76
26 89
30 97
31 100
33 77
35 88
36 65
40 51
44 66
45 96
47 49
47 83
48 94
48 100
52 72
52 98
56 58
57 64
58 66
60 61
61 66
65 79
66 91
66 93
71 79
71 91
72 97
73 85
77 97
77 98
80 90
81 85
88 93
89 94
92 97
