200 30
62 46 146 103 55 75 143 68 110 117 134 142 135 119 141 121 88 105 137 55 69 125 49 62 112 118 95 46 91 47 56 145 144 91 115 140 144 133 145 66 73 37 57 50 107 52 52 138 40 50 103 84 54 77 56 46 132 94 110 109 119 88 148 53 50 78 127 49 72 78 106 55 59 41 42 71 47 40 114 34 129 135 124 138 146 141 102 113 73 51 101 118 132 80 137 85 143 69 48 114 91 112 104 80 137 74 107 60 31 51 40 96 119 81 71 32 45 55 77 117 101 54 109 102 39 78 150 100 77 76 134 56 125 57 111 149 43 139 141 116 136 110 105 43 40 38 84 63 129 150 89 65 30 105 124 77 59 110 126 82 144 137 111 42 92 92 58 106 123 73 113 117 47 48 59 118 58 114 74 100 65 127 75 138 117 104 145 77 31 97 56 114 63 129 45 130 94 82 132 33 
155 60 56 155 109 52 52 114 40 90 106 119 126 109 94 124 117 117 55 100 61 82 153 50 88 65 58 121 133 75 
500 
1 5
1 27
2 4
2 82
2 99
2 113
2 144
3 12
3 15
3 110
3 139
3 159
3 195
4 6
4 10
4 49
4 59
4 132
4 156
4 174
5 144
5 163
6 18
6 49
6 58
6 76
6 78
6 98
6 99
6 139
6 145
6 164
6 174
6 179
7 37
7 56
7 85
7 115
7 118
7 162
7 175
8 57
8 58
8 191
9 36
9 42
9 59
9 97
9 147
10 82
10 89
10 105
11 21
11 104
11 156
12 43
12 65
12 82
12 125
13 50
13 77
13 96
13 173
13 181
13 200
14 41
14 189
14 191
14 199
15 53
15 54
15 67
15 117
16 139
16 150
16 173
17 74
17 75
17 85
17 106
17 116
17 119
17 124
18 75
18 90
18 126
18 150
18 152
18 156
18 167
19 98
19 120
19 136
20 93
20 97
20 165
20 184
20 186
21 70
21 84
21 164
22 63
22 81
22 109
22 118
22 130
23 36
23 48
23 68
23 84
23 88
23 101
23 131
23 171
24 80
24 102
24 144
25 44
25 90
25 97
25 139
26 30
26 43
26 123
26 141
26 171
26 189
26 194
27 75
27 92
27 122
27 135
28 56
28 117
28 119
29 44
29 50
29 157
30 81
30 117
30 188
31 36
31 61
31 121
31 154
32 138
32 180
32 186
33 98
33 130
34 62
34 118
34 142
34 182
35 36
35 60
35 65
35 82
35 120
36 79
36 98
36 199
37 62
38 41
38 153
38 192
39 81
39 100
39 116
40 92
40 133
40 134
40 150
40 151
40 175
41 190
42 75
43 86
43 184
45 114
45 121
45 171
45 181
45 192
46 51
46 54
46 104
46 111
46 135
47 146
47 156
48 140
48 159
48 180
49 111
49 116
49 140
49 156
49 164
50 56
50 80
50 131
50 162
50 180
50 183
50 186
50 187
51 69
51 121
51 124
51 146
51 178
51 190
51 192
52 195
54 73
54 88
54 120
55 71
55 101
55 135
55 186
56 64
56 69
56 73
56 115
56 137
56 168
57 67
58 83
58 132
58 180
58 198
59 61
59 69
59 70
59 74
59 135
59 171
59 181
60 95
60 96
60 125
61 133
62 95
62 146
62 158
62 173
62 176
62 183
63 105
63 127
63 178
65 144
65 177
65 200
66 84
66 120
66 156
66 181
67 108
67 117
67 163
67 187
68 102
68 139
69 116
69 184
70 108
70 163
70 169
71 99
71 102
71 112
71 120
71 132
73 99
73 132
73 172
74 117
74 145
74 159
74 178
75 83
75 98
75 99
75 136
75 146
75 151
76 99
76 166
77 145
77 148
77 171
77 183
78 92
78 116
78 118
79 137
79 184
79 186
80 181
81 123
81 163
81 200
82 110
82 152
83 110
83 156
84 89
84 105
84 190
85 157
85 166
85 190
86 112
86 151
87 105
87 141
87 153
87 158
88 118
89 95
89 117
89 175
90 114
90 140
90 144
90 194
91 133
91 160
91 176
92 143
92 150
92 165
92 174
92 183
93 160
93 175
93 177
94 96
94 170
94 184
95 177
96 144
96 181
97 144
97 189
98 133
98 166
98 175
98 197
99 103
99 114
99 136
100 157
100 178
100 197
100 200
102 121
102 155
102 163
103 190
103 196
105 120
105 164
105 174
106 110
106 124
106 158
106 174
106 196
107 146
107 153
107 192
108 119
108 121
108 158
108 171
109 140
109 142
110 117
110 142
110 173
111 160
112 130
112 146
112 153
112 154
112 183
112 196
112 197
113 126
113 129
113 164
113 168
114 116
114 184
114 195
115 117
117 156
117 169
119 135
119 143
119 179
119 185
120 130
120 167
121 182
121 189
122 154
122 156
124 136
125 147
125 154
125 155
125 188
125 198
126 163
127 135
127 161
127 171
127 180
127 184
127 198
128 137
128 154
129 133
129 143
129 173
130 191
131 150
131 174
132 199
134 177
134 182
134 189
134 198
136 145
136 155
136 194
137 152
137 185
138 179
139 154
139 172
139 189
140 156
141 200
142 147
143 171
144 184
146 149
146 165
146 188
146 189
147 198
148 152
148 177
148 179
149 160
149 180
149 182
151 159
153 187
154 160
154 166
154 168
155 161
155 183
156 162
156 182
159 180
159 183
159 198
160 163
162 199
165 170
166 185
166 196
168 173
168 187
169 193
171 184
171 189
173 174
173 187
175 187
177 189
177 193
179 199
181 182
181 184
181 195
182 199
184 194
186 192
186 193
190 197
195 200
