60 25
119 69 129 117 58 145 103 60 140 96 37 48 115 96 96 50 100 120 47 24 25 72 70 148 73 125 40 60 139 23 71 129 81 53 93 114 54 111 111 99 150 131 74 66 110 33 47 117 61 108 24 149 100 63 134 64 145 136 49 142 
155 135 95 122 45 138 60 115 153 110 69 139 37 84 149 43 112 142 141 82 100 39 71 39 101 
50 
2 10
2 33
3 39
3 48
4 22
7 21
7 50
8 41
8 49
10 13
12 18
12 22
14 31
15 47
16 44
17 56
19 44
20 23
20 57
21 32
22 40
22 60
23 37
23 45
25 39
25 41
27 59
28 36
28 46
28 56
29 53
30 51
31 34
31 45
31 59
32 34
33 55
35 53
35 57
36 56
37 40
39 49
40 56
41 42
42 51
44 59
45 55
47 48
48 60
49 57
