60 20
47 90 60 84 32 37 88 86 64 83 66 61 60 46 37 97 33 70 64 78 66 78 76 70 70 82 61 52 88 64 30 71 56 87 53 66 71 40 54 44 56 48 35 33 49 80 96 76 49 33 100 71 91 95 52 49 41 65 66 66 
105 50 45 41 93 33 78 100 81 105 76 64 99 58 80 78 50 37 75 96 
60 
1 4
1 46
1 58
2 4
2 40
3 52
5 21
5 30
5 34
5 41
6 51
7 19
7 48
8 12
9 11
9 20
9 37
11 20
11 28
12 37
13 21
13 29
13 35
14 16
14 30
14 41
14 54
15 17
15 29
15 47
16 60
17 35
17 54
18 40
18 46
18 59
19 49
21 30
22 55
22 58
24 34
24 36
24 52
26 32
26 55
27 28
28 40
28 45
29 60
33 54
34 51
35 51
39 56
40 44
42 53
42 60
44 45
45 52
47 60
59 60
