70 30
38 72 98 99 35 39 74 45 70 41 45 93 68 85 76 66 81 90 61 45 66 38 86 39 85 100 85 53 90 91 72 41 54 48 67 80 33 40 56 59 57 69 84 72 69 60 84 45 52 91 48 34 36 31 54 60 70 43 50 55 88 46 93 79 63 89 55 50 54 31 
103 56 90 41 89 40 46 36 99 48 60 85 79 83 97 68 44 65 47 100 37 42 51 83 101 101 66 48 48 62 
45 
1 66
3 7
3 14
3 41
4 21
4 63
4 64
5 70
6 12
7 20
7 44
7 70
8 31
8 67
9 42
10 29
10 68
11 38
12 33
13 60
16 21
17 66
21 30
21 33
21 61
23 33
25 30
25 55
26 36
26 55
27 41
28 29
29 34
34 70
37 46
38 50
39 48
39 54
42 51
43 59
43 61
47 52
47 63
56 65
58 69
