0 9 10 11 16 18 18 13 19 22 3 22 24 4 15 25 17 13 25 1 12 
4 0 16 20 3 4 9 3 13 12 25 12 3 22 3 12 12 25 6 4 11 
14 14 0 8 10 7 23 16 14 13 13 2 6 5 4 24 8 24 18 17 11 
1 4 20 0 20 5 5 11 25 14 20 12 18 1 5 3 19 19 22 21 14 
5 18 15 1 0 9 13 8 12 17 12 22 12 17 20 8 10 14 17 15 23 
12 15 2 16 23 0 12 25 25 21 16 18 18 20 22 4 5 2 17 17 20 
7 8 12 24 21 19 0 22 16 13 7 25 13 24 10 24 17 3 17 13 5 
4 6 23 10 23 23 2 0 18 19 6 14 25 2 12 25 2 19 5 1 25 
19 6 6 13 11 4 5 22 0 17 3 18 13 5 6 4 21 17 14 17 13 
14 24 21 24 14 3 3 22 15 0 9 11 4 6 23 7 14 3 1 6 18 
7 10 14 6 6 12 17 20 3 20 0 12 11 23 11 15 5 11 10 3 13 
7 8 6 15 9 19 1 15 15 15 2 0 22 20 1 12 18 15 8 10 14 
7 16 20 23 19 9 14 3 2 3 10 9 0 19 2 7 15 15 15 5 22 
23 2 19 19 6 10 7 14 22 24 16 22 8 0 16 7 4 4 15 1 22 
11 5 9 3 18 12 2 2 7 21 8 23 4 18 0 16 4 22 15 6 12 
20 19 24 5 1 20 24 12 24 15 1 11 19 1 7 0 23 7 14 7 12 
19 6 8 11 8 7 1 11 6 1 22 6 1 19 12 8 0 13 4 8 22 
6 13 3 14 8 11 8 9 4 24 5 5 22 19 22 10 12 0 24 8 11 
19 4 11 22 13 9 6 12 23 11 24 18 13 15 4 23 25 15 0 15 20 
9 6 22 5 22 12 6 2 3 11 8 1 22 9 25 25 21 13 20 0 24 
21 16 11 23 12 22 8 3 3 22 17 21 15 7 9 2 19 14 2 21 0 