15 5 7 13 5 1 8 7 14 12 2 5 15 6 5 12 13 9 11 6 
4 9 3 7 13 15 1 14 15 1 11 8 14 13 9 11 2 1 13 13 
6 7 3 11 9 2 8 2 2 14 3 11 4 5 1 2 1 1 1 15 
8 2 15 12 8 14 13 9 15 12 13 12 9 13 7 9 2 12 1 14 
8 2 3 6 9 3 14 7 7 7 14 14 9 8 3 1 12 11 10 9 
8 15 1 10 7 9 15 4 14 10 14 3 12 1 5 14 10 4 6 14 
14 14 7 10 11 4 14 7 14 9 11 3 10 3 12 15 14 3 9 14 
5 12 6 3 10 2 5 1 10 8 11 5 3 5 5 2 9 5 3 8 
5 15 10 1 5 9 15 3 13 11 13 11 8 2 6 6 12 3 1 11 
5 7 4 13 10 2 2 11 7 5 4 14 2 15 7 2 7 13 3 15 
9 15 12 6 13 7 5 4 11 1 7 1 12 14 10 11 9 1 8 14 
4 6 7 3 11 2 5 10 15 13 14 9 9 4 10 6 12 5 6 14 
15 7 3 14 13 5 4 11 9 11 14 9 12 12 8 3 10 3 10 11 
14 11 5 6 5 5 5 5 1 14 8 13 10 12 4 5 9 7 4 3 
1 13 11 5 14 1 10 6 9 12 11 11 11 12 9 15 12 6 5 1 
2 1 13 6 4 2 4 13 15 3 14 4 3 11 10 3 4 10 9 6 
2 7 14 1 4 10 6 8 2 9 6 13 9 6 9 10 2 9 11 15 
1 3 9 12 2 8 7 1 2 5 13 5 4 10 10 7 3 15 6 13 
6 7 4 13 9 1 4 9 3 10 15 5 9 10 15 1 6 10 5 7 
10 10 5 7 9 10 7 12 9 1 7 1 2 6 3 15 10 2 8 4 
2 8 1 1 10 12 5 10 2 8 14 14 10 5 4 3 15 13 5 9 
6 7 6 1 1 6 13 10 14 8 2 3 3 15 11 6 7 11 10 12 
10 9 11 14 4 10 12 4 8 4 11 15 3 5 11 5 14 6 14 6 
13 5 4 14 12 15 15 1 15 10 11 3 8 15 1 9 11 4 9 8 
1 8 12 4 12 13 13 14 7 6 9 13 4 4 9 8 15 10 15 13 
9 8 15 1 10 2 5 14 15 8 7 4 14 9 10 2 2 12 11 3 
11 12 14 6 14 2 12 6 9 3 6 5 12 11 11 12 13 12 5 2 
13 3 3 12 8 9 13 15 9 7 8 15 14 2 8 12 7 11 15 6 
10 11 7 3 1 13 1 3 15 8 4 10 4 6 1 8 5 11 4 6 
7 1 1 5 11 13 5 15 13 4 15 2 9 5 10 4 5 10 10 15 
7 15 10 9 15 1 7 15 6 3 5 11 2 9 6 6 15 8 3 2 
11 14 1 14 15 11 5 7 9 4 15 8 1 6 5 8 2 9 11 10 
1 8 12 13 2 7 8 14 8 7 1 10 7 14 6 12 9 11 7 9 
3 6 4 8 1 1 1 11 13 6 5 4 5 13 4 11 8 15 11 4 
15 13 4 8 4 13 13 10 4 8 7 11 15 5 9 9 5 8 1 5 