0 18 15 3 8 23 1 8 19 20 21 20 9 12 13 22 22 18 12 10 9 
1 0 25 3 6 4 20 5 12 9 3 19 21 7 24 21 16 20 21 22 12 
22 20 0 23 11 14 24 2 10 22 10 24 16 4 20 22 17 13 25 18 11 
10 1 11 0 3 7 17 24 17 15 13 3 3 7 18 3 1 5 4 13 25 
2 3 5 11 0 16 2 13 15 19 19 9 4 15 15 7 9 9 9 15 12 
22 15 22 21 17 0 10 18 9 1 16 18 10 12 19 12 9 18 16 20 17 
22 11 25 16 13 24 0 25 14 17 10 18 13 24 10 21 22 3 10 20 15 
11 21 6 16 9 5 3 0 16 14 25 17 12 6 13 1 3 6 23 19 11 
3 21 25 12 13 24 23 13 0 23 8 13 13 18 16 22 24 25 12 8 4 
10 2 22 2 9 18 2 5 20 0 21 9 15 22 4 7 2 9 19 15 13 
4 8 15 18 13 23 8 17 2 5 0 14 17 25 13 21 4 19 16 22 25 
5 19 12 14 12 5 18 21 19 10 15 0 1 6 15 18 21 24 23 8 5 
19 10 7 9 16 8 7 23 18 21 16 15 0 18 22 17 14 10 14 9 9 
21 4 22 6 17 19 24 18 17 7 1 15 6 0 21 4 12 8 4 21 13 
1 25 12 7 21 5 17 17 23 25 17 8 19 6 0 18 12 23 21 3 10 
7 11 12 14 7 23 19 14 8 4 10 23 11 14 19 0 18 21 4 4 14 
8 7 2 11 4 15 24 16 9 2 11 16 8 12 17 2 0 4 15 13 12 
13 24 15 8 24 13 2 10 8 10 2 16 13 8 24 4 21 0 11 21 16 
24 25 13 16 13 7 18 15 18 14 5 12 14 20 21 6 24 5 0 24 24 
16 7 3 18 6 9 25 1 24 15 14 11 13 5 9 16 4 4 6 0 6 
2 18 24 6 24 12 15 5 12 16 25 16 8 14 22 22 12 14 13 23 0 