20 16 17 13 12 15 11 18 18 18 18 15 11 12 14 10 15 13 15 13 
13 20 11 14 14 19 15 16 10 15 18 13 10 17 15 16 14 18 11 17 
19 19 19 10 20 17 19 13 20 17 18 12 10 15 14 11 16 20 17 18 
19 20 18 20 11 20 20 15 13 18 12 17 13 17 19 20 11 10 15 13 
16 18 10 14 11 10 16 16 15 10 17 14 14 17 16 14 20 20 15 17 
17 11 11 17 13 20 19 19 13 14 19 16 10 19 14 17 17 16 16 12 
12 20 19 19 12 10 10 18 15 17 17 18 15 11 20 15 11 10 12 12 
10 12 18 16 12 20 13 16 13 13 10 20 11 12 10 16 15 20 13 19 
12 17 13 10 11 11 14 12 13 13 20 12 20 20 12 15 16 20 18 12 
20 10 12 16 19 11 20 16 17 16 18 13 19 16 20 11 10 18 20 16 
18 13 20 14 16 10 11 12 19 10 13 13 17 18 20 18 13 11 12 11 
16 13 17 12 12 13 19 18 13 16 15 20 15 15 11 14 12 16 12 19 
10 18 13 16 20 10 17 18 14 19 15 17 19 12 20 19 11 17 12 16 
13 17 20 18 14 10 18 18 17 17 17 16 10 15 14 14 19 19 11 13 
14 19 20 19 15 19 18 13 17 15 20 16 18 20 16 13 13 14 13 18 
11 13 18 11 19 11 20 14 14 12 19 10 11 18 14 10 17 16 10 10 
12 19 11 14 19 20 13 16 19 20 13 10 20 15 10 10 11 14 19 16 
15 17 17 13 18 17 18 14 14 14 20 15 18 17 18 16 10 12 16 20 
18 11 14 13 13 11 19 12 19 10 17 11 16 10 13 16 16 11 17 18 
13 17 17 15 10 17 13 19 15 16 18 10 20 11 14 16 20 11 10 11 
17 11 13 18 12 10 19 10 13 10 13 13 11 16 12 17 11 12 13 19 
14 15 10 19 18 18 11 15 16 14 11 15 19 13 11 17 11 17 20 18 
17 13 18 16 12 10 13 11 12 16 15 11 17 15 20 14 16 18 12 10 
16 13 12 19 16 12 11 12 11 12 20 17 12 15 16 14 10 18 19 19 
16 13 20 10 15 18 17 15 19 15 11 11 11 13 12 13 18 19 16 20 