0 24 9 16 15 21 8 18 11 20 2 24 21 15 4 15 
17 0 6 14 18 23 25 24 4 9 10 3 5 22 7 1 
10 13 0 4 18 4 16 6 11 16 20 5 21 7 6 24 
25 7 15 0 21 15 17 11 5 3 23 24 9 9 17 25 
11 17 12 3 0 10 3 19 7 3 20 12 23 1 7 22 
10 11 2 20 5 0 22 6 5 21 23 11 16 22 17 20 
21 20 8 25 6 13 0 10 1 6 4 9 10 22 24 3 
2 5 19 16 3 13 24 0 7 17 17 21 21 16 6 1 
4 22 1 5 2 3 11 17 0 11 7 24 1 11 14 22 
3 21 7 6 2 16 17 4 20 0 14 14 14 18 11 1 
3 16 15 8 13 25 16 5 25 25 0 12 11 24 14 2 
6 1 1 8 9 25 23 17 19 19 25 0 13 1 4 16 
5 13 22 3 7 18 18 24 11 5 22 20 0 10 5 21 
17 25 2 16 1 25 1 17 5 20 21 11 5 0 14 16 
14 16 13 16 8 23 6 10 14 5 7 1 22 9 0 2 
1 8 24 19 14 20 25 24 17 17 3 2 10 12 7 0 