16 11 18 16 13 15 12 10 20 12 18 19 17 20 15 
20 13 20 18 14 14 20 13 14 18 18 16 12 17 19 
18 17 10 12 20 18 20 20 18 17 10 12 18 12 13 
12 16 17 20 12 17 20 19 13 19 12 20 11 18 10 
14 16 14 19 13 16 11 15 16 18 17 15 10 17 15 
13 15 18 16 12 20 12 10 17 14 14 17 14 17 11 
17 19 10 14 10 10 20 18 13 15 12 16 12 17 13 
11 20 19 19 18 13 11 13 13 13 11 15 11 13 20 
10 12 19 11 17 18 17 13 11 10 20 10 13 12 15 
18 19 10 11 20 15 12 20 18 10 20 15 15 16 14 
17 20 14 13 20 11 13 19 19 17 18 17 12 17 11 
13 15 10 10 15 19 19 11 20 16 11 17 19 14 17 
15 13 17 20 20 14 13 20 13 12 19 14 12 17 14 
11 20 14 12 17 12 13 18 18 16 16 17 19 16 19 
14 10 10 10 18 20 12 11 17 11 19 12 19 13 10 
17 16 10 13 11 16 13 10 16 15 17 20 17 15 10 
16 20 16 10 11 13 19 17 16 13 15 12 10 11 11 
10 16 11 16 10 12 15 11 16 18 16 13 12 18 12 
12 17 14 11 16 17 10 14 11 18 13 15 14 16 19 
20 15 16 20 17 16 12 12 15 15 20 13 16 14 18 