0 17 22 14 19 23 3 7 15 18 25 3 6 21 3 7 22 12 14 16 10 
24 0 17 18 15 7 25 7 10 7 9 3 12 2 8 2 13 11 19 18 2 
22 21 0 16 4 16 1 18 19 2 6 15 18 21 18 23 4 19 20 6 1 
24 25 23 0 11 18 6 7 4 7 10 13 7 20 11 1 5 25 20 6 3 
22 9 4 18 0 21 12 24 1 18 3 3 23 12 14 1 25 8 12 18 8 
3 8 5 11 18 0 9 4 10 15 22 12 25 2 10 15 13 17 19 17 8 
14 16 7 17 10 11 0 18 7 15 21 24 14 12 7 17 9 2 16 8 15 
17 2 24 1 15 13 25 0 3 17 23 23 25 5 16 7 2 2 19 7 14 
25 6 13 25 4 2 15 3 0 20 2 12 12 24 20 9 8 13 13 11 9 
18 10 10 17 8 21 17 3 18 0 24 23 7 8 15 1 9 13 2 21 5 
16 12 1 25 20 24 15 17 10 4 0 25 20 8 6 19 15 12 10 10 24 
12 8 8 4 22 3 7 8 12 8 8 0 10 10 13 10 24 5 7 16 17 
7 21 15 17 21 16 11 24 11 1 3 3 0 24 20 23 22 15 5 16 20 
18 8 22 12 24 14 20 7 8 9 6 15 10 0 9 2 1 20 11 8 14 
16 5 17 22 7 4 14 4 14 3 22 12 24 2 0 14 20 14 4 24 14 
9 10 13 14 10 9 12 8 17 7 22 16 17 4 12 0 20 11 13 10 24 
7 24 13 23 25 4 15 4 20 25 10 12 12 21 24 13 0 13 12 15 21 
3 2 4 13 21 15 4 13 1 2 8 18 23 2 25 4 21 0 25 1 24 
9 3 25 14 25 6 2 3 12 11 14 7 7 25 10 9 4 1 0 15 9 
19 3 16 4 25 17 12 24 25 18 20 5 9 2 12 3 13 2 15 0 14 
15 23 10 5 10 17 8 24 2 3 24 10 13 19 1 4 12 21 18 9 0 