12 4 13 8 4 12 6 6 5 7 5 8 10 12 12 4 9 10 13 15 
15 4 7 12 14 12 8 5 5 8 14 4 3 15 13 14 8 15 7 7 
3 8 7 8 7 4 11 9 9 10 7 3 4 15 11 10 5 14 12 12 
13 15 6 4 7 14 8 8 8 13 7 4 15 6 9 9 5 15 6 9 
4 15 7 6 9 15 15 4 7 7 7 7 5 5 12 8 9 13 9 7 
7 5 4 14 13 10 12 15 15 8 14 7 9 5 3 3 5 11 13 4 
4 15 10 10 5 15 11 7 8 14 4 5 8 13 13 5 6 5 13 9 
7 8 14 5 10 3 14 3 8 3 12 5 11 11 15 4 4 15 14 9 
6 7 14 8 13 12 11 9 8 9 15 10 11 4 10 13 11 14 11 9 
5 15 15 13 4 10 3 6 6 9 14 11 10 8 6 5 4 7 11 4 
10 15 12 14 14 13 6 15 3 11 10 4 4 9 4 13 12 12 3 14 
15 3 4 8 4 13 13 7 13 3 12 14 10 9 5 15 9 6 9 14 
8 6 8 8 12 11 7 12 9 4 9 12 4 15 7 14 14 10 11 5 
9 12 6 10 5 6 15 11 13 15 12 10 11 12 5 6 7 6 10 14 
9 14 4 11 14 10 11 3 15 12 7 13 3 13 11 14 4 15 15 11 
5 14 10 9 5 14 7 14 10 7 6 14 10 11 14 13 5 3 12 6 
3 7 9 13 8 9 9 9 8 3 4 10 6 7 10 11 7 13 13 12 
8 10 13 5 14 13 13 4 9 10 3 13 5 14 5 13 4 13 15 7 
12 14 5 15 15 3 3 6 7 4 7 13 11 3 7 15 3 9 10 4 
8 3 4 6 7 15 10 11 7 3 15 12 13 10 13 3 4 11 15 4 
12 7 6 7 15 5 3 4 9 13 10 9 10 12 13 8 7 8 11 4 
9 8 5 12 8 15 11 14 5 6 8 10 11 11 4 6 9 5 12 8 
11 12 3 8 14 10 9 12 3 11 13 5 4 5 6 6 6 5 7 9 
12 5 13 5 12 15 13 15 10 10 7 7 3 4 4 10 10 5 15 6 
9 10 15 8 15 5 15 15 5 8 12 13 3 13 12 10 11 15 10 8 
14 9 8 3 15 3 12 10 5 10 7 8 15 5 14 14 4 8 15 7 
10 10 7 7 15 13 11 5 12 9 7 4 13 7 4 4 12 3 9 8 
6 4 4 3 8 8 6 9 11 8 12 14 15 13 9 14 11 14 8 11 
14 15 13 4 4 12 10 14 11 14 12 9 10 12 13 10 11 13 11 14 
8 10 15 9 4 5 6 7 14 9 11 7 7 9 7 7 7 5 13 10 
3 13 11 6 5 5 5 13 4 5 13 5 6 15 4 3 12 8 10 4 
5 14 8 7 4 3 15 15 3 14 15 7 5 13 14 15 4 6 3 8 
10 8 13 8 11 4 9 15 10 14 7 10 14 11 8 14 13 15 12 15 
3 10 13 3 9 12 3 13 7 9 9 11 12 14 4 4 12 12 9 5 
12 12 14 11 15 4 14 3 12 8 10 3 10 4 13 9 3 12 9 13 