200 35
0 0 0 0 0 24 99 0 0 87 27 0 0 0 0 0 0 0 27 52 0 83 28 0 0 0 0 0 0 0 0 0 0 81 0 89 0 62 0 0 0 0 0 0 59 0 0 75 29 0 0 4 0 0 0 0 0 0 0 0 0 0 0 0 0 0 5 0 51 0 2 0 0 0 69 28 0 0 0 0 32 35 0 0 0 0 0 0 0 0 0 37 0 0 0 0 0 0 23 0 61 17 0 0 47 34 27 0 0 0 0 0 0 0 51 0 0 0 1 0 0 72 0 66 0 60 0 89 0 0 11 38 0 0 75 23 62 0 0 76 55 0 0 47 0 0 0 0 0 0 0 0 0 70 0 0 0 23 0 0 71 12 100 0 63 59 81 0 0 0 0 1 0 0 0 73 0 92 0 0 63 0 0 53 0 13 8 0 55 22 57 0 0 0 0 0 0 0 0 0 
0 0 76 0 0 0 0 0 0 99 0 0 75 0 0 0 33 25 0 0 0 0 0 0 0 0 0 0 51 0 0 14 0 42 0 3 65 0 9 0 0 0 0 1 0 0 0 0 86 0 0 0 0 0 0 0 0 0 83 0 0 99 0 0 0 0 0 31 0 0 0 0 91 0 0 0 18 0 91 68 0 73 0 0 0 0 0 0 0 0 0 0 0 0 53 49 0 0 0 52 27 0 61 0 7 15 0 0 16 0 0 0 71 0 0 0 78 0 0 0 70 4 0 0 18 0 0 0 0 18 4 0 0 97 0 57 0 0 29 0 0 74 0 0 0 20 0 0 0 0 100 98 0 54 0 0 76 62 56 0 0 53 0 38 93 0 0 0 14 0 0 0 0 84 4 0 93 0 0 0 0 0 0 0 0 0 0 0 40 61 0 0 0 0 0 0 0 89 0 0 
0 76 0 0 0 0 73 0 85 0 35 0 0 22 0 86 7 0 72 61 52 0 51 74 0 0 83 55 30 49 86 6 59 0 0 0 14 0 0 0 0 0 0 0 0 0 0 80 0 93 29 96 0 0 0 0 0 0 0 8 0 0 0 0 0 0 58 0 11 69 0 0 73 0 0 13 51 63 0 99 0 0 31 56 0 21 0 0 87 0 0 0 43 0 0 3 90 69 0 0 56 0 0 0 0 0 29 0 0 83 0 0 0 8 10 16 40 0 0 0 39 0 0 0 0 0 0 0 10 0 0 0 0 0 0 15 83 54 81 0 0 13 0 0 76 0 0 0 0 88 0 75 0 0 64 0 0 0 0 0 61 0 0 0 0 56 85 42 0 14 0 0 69 0 0 40 0 0 0 0 0 0 0 12 0 0 0 0 0 0 85 0 0 0 0 0 77 12 0 0 
0 0 0 0 0 0 53 68 47 0 71 7 26 47 0 88 85 0 0 0 0 11 0 30 0 0 0 0 0 0 0 27 43 0 60 0 0 0 0 0 0 13 0 84 0 24 0 35 0 0 0 0 67 23 0 0 0 0 70 0 0 74 0 0 86 43 0 0 15 0 0 0 0 21 0 42 0 7 0 0 0 0 0 0 46 0 82 0 74 0 17 56 7 0 0 0 0 0 0 0 40 0 0 0 21 41 0 17 0 74 0 0 0 0 0 0 0 0 0 0 32 0 52 0 0 0 25 0 0 0 0 0 0 0 0 11 0 0 0 26 0 0 0 40 0 0 0 0 9 0 0 0 17 7 0 0 35 55 0 0 0 0 55 0 0 0 0 0 0 0 0 71 39 34 0 4 24 0 0 84 0 0 50 0 0 0 68 0 0 0 70 23 0 0 0 0 0 0 50 0 
0 0 0 0 0 73 92 0 87 70 0 0 2 0 41 0 0 71 5 0 0 0 0 99 0 44 76 0 0 0 0 0 56 0 0 0 0 93 53 64 36 0 0 0 0 0 64 0 0 17 0 0 0 71 0 0 70 0 0 0 0 0 92 38 0 0 0 0 0 0 94 0 0 0 0 0 6 0 91 54 0 0 0 0 85 29 0 0 0 32 0 21 0 8 50 0 0 0 0 0 0 0 0 0 0 0 61 0 0 0 0 0 0 0 0 0 0 0 67 0 0 61 0 0 12 0 43 0 79 15 0 32 0 97 0 0 0 0 0 0 0 0 0 0 0 0 0 69 86 4 10 20 0 0 0 72 25 18 0 8 92 0 0 0 0 55 42 0 0 0 0 0 0 98 0 94 71 0 0 0 0 0 0 0 0 0 0 0 0 72 0 0 46 0 0 0 0 14 0 70 
24 0 0 0 73 0 0 87 0 0 0 0 0 0 0 0 84 0 0 0 65 0 55 0 10 0 83 0 0 0 0 0 99 0 98 0 41 0 63 0 27 30 0 0 0 0 0 0 0 48 73 0 0 0 0 0 0 67 0 0 86 0 0 94 0 13 0 53 0 95 60 0 0 0 0 0 0 69 23 46 0 0 0 70 35 23 86 0 0 0 91 0 0 0 0 0 93 0 0 88 1 14 0 92 0 87 2 0 74 0 0 68 0 0 0 0 0 45 0 0 65 0 0 81 0 99 0 40 0 63 0 0 0 0 43 0 0 0 26 0 0 0 0 25 83 0 0 0 0 0 0 0 0 0 0 0 0 7 0 0 0 0 35 32 0 0 0 1 0 0 0 0 52 26 0 0 0 98 0 0 0 78 0 0 0 0 77 0 42 0 0 0 0 64 0 0 0 0 0 13 
99 0 73 53 92 0 0 97 52 0 0 91 23 0 90 70 0 0 0 64 37 49 0 0 0 0 72 21 79 41 0 0 0 54 0 0 0 0 74 0 0 52 0 72 0 74 0 0 0 0 0 48 85 0 0 0 0 0 0 0 0 0 36 0 24 0 6 43 0 0 0 23 58 0 14 0 66 0 0 0 0 0 0 6 0 0 73 85 59 67 0 29 10 0 0 2 23 0 0 0 0 0 60 0 0 0 0 0 72 0 0 0 0 37 52 3 0 76 2 0 0 0 66 0 0 0 0 0 47 0 0 0 30 0 0 0 19 0 58 23 0 0 0 0 78 0 75 0 19 0 0 87 0 0 81 71 0 0 0 65 0 0 0 40 0 0 0 0 10 0 51 0 0 55 0 26 0 44 85 0 0 0 0 71 6 81 85 0 0 24 0 0 0 87 0 0 0 76 0 78 
0 0 0 68 0 87 97 0 0 76 0 0 83 0 0 68 0 0 98 74 72 0 0 0 0 17 0 75 0 7 0 37 99 48 56 0 0 0 0 0 26 0 64 0 0 57 99 0 32 90 80 0 0 0 0 0 0 0 0 0 0 0 0 0 0 0 0 0 0 75 58 33 26 0 0 61 57 25 0 43 36 91 0 0 0 0 97 30 0 0 100 12 0 0 0 0 27 0 0 0 53 0 0 0 1 0 0 68 65 0 100 0 0 73 0 81 0 0 0 91 62 0 0 24 62 0 0 0 0 0 15 64 0 0 0 55 0 0 0 0 0 8 64 0 0 0 0 0 84 95 0 94 0 77 0 0 0 0 83 0 77 57 0 28 14 0 0 0 0 0 0 35 0 0 0 0 0 0 0 92 0 0 0 0 100 0 28 0 0 0 0 0 22 0 0 0 0 0 0 6 
0 0 85 47 87 0 52 0 0 0 0 0 77 0 32 0 72 52 83 0 0 0 0 83 0 0 58 0 0 0 0 21 24 0 0 0 0 0 68 0 0 0 34 0 30 17 61 0 0 59 11 83 0 0 0 0 0 0 62 40 0 59 54 0 0 0 90 0 0 0 0 0 0 0 0 0 0 0 0 91 0 0 0 0 3 0 77 0 44 67 0 0 0 61 0 14 0 50 25 0 0 0 0 0 0 0 85 96 0 50 0 0 0 0 0 0 0 0 0 0 43 0 45 87 14 0 0 2 4 0 0 0 0 68 83 0 18 30 0 0 34 0 0 0 0 0 0 0 0 0 0 0 37 0 0 0 0 0 0 0 0 56 0 0 0 65 0 0 0 0 2 30 0 0 0 0 0 81 0 0 0 0 0 0 0 29 0 0 0 40 7 9 97 82 0 0 0 0 0 76 
87 99 0 0 70 0 0 76 0 0 0 16 0 0 0 0 0 57 0 1 0 68 0 0 0 0 42 67 0 0 0 0 0 59 0 0 0 78 0 0 19 78 35 0 0 0 0 0 0 86 42 66 0 48 75 0 69 0 0 0 0 83 46 13 0 0 44 96 0 32 69 0 0 0 0 95 0 0 0 0 0 0 3 0 0 42 0 0 0 5 0 0 0 0 0 0 0 0 91 0 44 93 25 0 80 0 51 94 14 0 0 0 4 0 0 0 0 79 0 91 79 0 6 0 30 0 0 0 79 0 0 74 0 49 0 0 0 58 6 0 0 0 93 0 53 96 0 0 0 0 75 0 0 0 42 75 0 0 72 14 0 74 0 0 100 0 48 56 0 0 45 0 0 0 0 0 0 52 0 0 0 0 0 80 0 0 0 0 0 86 30 0 0 10 4 0 0 26 0 92 
27 0 35 71 0 0 0 0 0 0 0 0 0 0 0 35 0 22 0 0 0 0 83 0 0 0 0 47 0 91 0 0 20 0 0 0 0 0 4 0 0 0 44 0 0 0 42 0 0 0 1 0 0 0 0 0 0 0 0 0 0 0 0 0 0 0 0 0 0 0 0 62 0 0 80 0 0 38 0 0 0 73 3 0 0 0 0 82 29 0 0 83 0 96 0 73 48 0 0 0 0 0 0 64 0 0 99 0 26 0 8 0 67 0 0 63 0 0 0 0 0 0 0 13 0 0 69 0 0 0 63 0 0 23 0 0 47 4 22 0 58 72 0 0 0 0 0 0 0 0 0 0 0 60 0 0 0 0 62 0 0 81 0 0 0 0 0 0 0 0 20 0 0 0 0 0 0 93 0 0 0 0 0 0 58 0 28 0 0 38 0 0 0 0 61 0 5 0 1 0 
0 0 0 7 0 0 91 0 0 16 0 0 0 0 0 0 0 84 61 45 0 0 0 0 33 0 0 0 0 0 0 54 17 0 76 0 96 0 96 0 69 34 0 0 0 23 0 0 32 19 0 0 42 0 95 38 21 0 61 0 37 46 0 0 0 0 0 0 0 0 75 0 16 65 0 0 30 0 25 0 0 0 0 15 0 0 0 42 26 0 0 27 0 66 93 0 0 0 24 0 87 89 0 0 80 0 0 0 0 0 66 0 3 0 0 0 86 0 33 0 0 0 0 48 24 0 23 5 47 0 0 0 0 0 17 0 0 0 0 0 0 36 15 0 45 0 0 0 38 0 0 0 17 0 0 0 0 0 77 0 48 0 0 0 0 0 0 0 0 0 0 0 0 81 20 85 0 0 0 39 0 0 0 0 0 0 0 17 0 22 0 0 0 0 0 0 0 0 57 20 
0 75 0 26 2 0 23 83 77 0 0 0 0 92 1 56 82 0 0 0 0 0 12 64 0 0 0 30 0 0 0 0 0 73 0 62 17 99 0 35 0 81 87 0 35 13 0 0 0 80 0 0 0 72 0 0 0 0 0 0 0 0 0 0 0 0 8 0 0 0 0 51 0 0 0 35 0 0 15 0 0 0 0 0 0 80 0 0 0 20 0 10 0 98 0 13 48 0 2 0 0 0 0 0 17 0 13 0 95 57 0 16 0 0 48 26 0 0 0 77 0 82 0 42 37 0 33 0 36 0 81 0 43 0 0 0 0 0 0 0 0 0 0 0 0 0 0 0 39 0 0 0 0 0 0 0 96 100 0 28 64 34 86 0 0 91 0 85 0 0 50 0 0 0 0 58 58 0 0 0 0 0 17 0 53 43 42 95 0 0 0 82 0 0 32 31 0 36 0 0 
0 0 22 47 0 0 0 0 0 0 0 0 92 0 14 0 0 65 84 90 12 80 0 0 84 8 0 72 0 13 0 0 0 0 0 57 0 0 0 0 0 97 0 0 0 48 0 0 0 0 0 0 0 0 0 70 55 39 10 40 38 75 0 0 0 66 0 0 0 0 0 77 91 0 0 46 59 0 0 12 67 71 75 31 0 0 88 0 0 0 11 91 0 0 14 0 0 0 0 98 1 19 5 0 0 39 0 0 0 0 0 68 0 0 34 0 0 0 39 0 0 61 39 0 0 96 57 0 0 0 96 43 0 78 0 43 0 19 0 0 0 0 0 0 0 0 0 0 79 19 98 50 0 0 25 0 0 0 4 0 0 0 0 80 56 0 0 0 27 69 0 0 86 0 0 0 0 0 0 0 28 57 0 0 67 0 7 58 95 0 84 0 0 0 0 0 0 0 88 0 
0 0 0 0 41 0 90 0 32 0 0 0 1 14 0 0 0 79 10 85 58 45 0 0 0 0 0 42 0 0 0 0 0 97 76 0 0 0 0 0 0 0 0 0 81 69 0 0 0 57 0 0 0 0 28 0 0 48 69 50 0 78 17 0 1 0 0 0 75 0 65 0 0 84 0 0 0 0 52 70 47 0 0 55 0 0 76 31 0 0 9 0 0 0 0 0 0 0 0 0 9 0 0 0 0 2 0 0 61 0 0 0 85 0 0 0 3 76 91 17 0 0 0 24 50 0 0 0 54 98 0 19 0 0 0 0 0 0 0 0 28 87 0 0 4 0 0 0 0 100 0 26 52 36 86 0 0 0 45 0 59 97 0 0 0 0 0 7 100 57 30 0 0 31 97 0 50 0 0 0 0 0 0 0 36 0 0 0 59 0 27 0 71 0 0 0 0 0 0 0 
0 0 86 88 0 0 70 68 0 0 35 0 56 0 0 0 0 0 0 70 0 80 0 43 37 54 0 39 0 0 0 23 0 0 0 0 78 0 0 1 39 27 34 35 0 0 30 0 0 0 0 0 0 0 0 94 0 0 40 0 0 0 96 0 0 0 0 100 0 0 0 16 0 9 0 0 0 0 0 0 0 0 33 6 0 0 96 0 0 12 0 54 0 0 53 0 65 0 0 0 0 15 0 0 0 100 0 0 0 0 8 0 8 0 0 0 0 8 0 96 13 0 0 0 0 41 0 73 0 42 0 0 36 0 0 0 0 81 36 0 19 0 0 0 67 0 15 0 0 55 0 0 65 0 0 0 0 94 0 0 0 99 0 0 0 0 27 0 0 0 100 20 23 0 11 22 61 0 84 81 0 0 0 12 0 0 0 76 0 0 99 0 49 0 0 89 0 0 29 0 
0 33 7 85 0 84 0 0 72 0 0 0 82 0 0 0 0 0 0 45 0 0 0 0 0 0 0 0 0 11 0 62 0 0 0 64 18 0 0 0 0 32 53 0 0 0 93 56 0 0 93 0 70 63 12 0 15 0 14 9 81 0 74 0 0 77 0 37 0 0 82 0 0 16 43 0 0 43 50 86 0 0 0 16 30 0 17 0 69 0 37 0 0 47 0 0 67 23 66 86 0 0 33 0 0 60 0 37 88 0 0 0 0 12 0 0 0 55 0 0 0 0 52 53 0 0 0 0 0 70 27 63 76 0 0 0 0 0 13 11 0 13 54 85 28 0 0 0 31 0 0 0 59 0 0 76 46 0 0 0 0 18 67 0 93 0 20 0 21 0 77 0 0 0 0 0 0 0 75 0 0 0 26 0 95 93 0 0 0 0 0 0 18 0 14 11 0 0 1 0 
0 25 0 0 71 0 0 0 52 57 22 84 0 65 79 0 0 0 40 83 0 0 0 0 0 0 0 0 0 0 0 0 94 0 60 76 0 0 0 0 0 0 0 46 0 0 62 0 0 55 0 33 0 10 60 0 0 88 46 0 63 79 0 71 18 0 98 1 15 0 0 48 94 0 0 0 0 20 0 0 0 0 5 58 83 32 60 0 0 0 0 97 0 0 56 0 0 0 0 0 38 99 0 0 0 0 0 0 22 6 0 0 0 69 12 0 0 0 0 0 0 49 7 58 0 0 69 0 0 46 0 0 0 0 0 0 22 0 2 0 46 0 0 0 0 99 0 0 0 0 62 20 0 0 0 0 0 0 0 96 0 0 78 50 0 0 0 0 0 0 40 46 0 0 0 0 0 32 0 0 36 0 48 0 0 0 0 0 0 0 76 0 24 0 0 0 0 0 93 0 
27 0 72 0 5 0 0 98 83 0 0 61 0 84 10 0 0 40 0 0 79 51 0 0 58 43 0 0 0 0 0 16 62 0 0 71 0 96 0 0 59 0 0 27 70 0 0 0 0 0 0 0 14 0 36 46 0 79 22 88 74 0 66 0 0 0 0 39 0 33 0 0 20 22 72 0 0 70 0 93 47 0 0 0 32 0 3 0 0 69 99 0 23 0 0 0 0 0 76 0 0 0 0 0 84 27 14 58 0 0 0 0 0 53 0 0 0 26 0 0 0 0 0 0 0 0 0 0 72 23 0 0 0 0 36 0 44 10 0 98 0 0 0 0 8 22 0 0 95 0 18 0 0 52 25 95 0 0 0 0 0 10 0 70 0 55 34 0 0 24 0 0 0 0 0 0 0 0 0 60 0 6 0 0 97 45 96 0 0 0 0 0 0 0 0 0 0 0 0 84 
52 0 61 0 0 0 64 74 0 1 0 45 0 90 85 70 45 83 0 0 0 0 32 0 1 63 0 0 0 94 0 0 37 0 17 0 60 0 30 13 0 0 0 99 0 0 0 0 0 0 45 10 0 0 0 0 0 0 0 0 0 0 0 0 83 0 0 0 0 0 0 27 0 93 0 0 0 0 0 0 49 0 44 0 0 0 64 0 0 34 0 0 0 0 43 0 0 3 0 77 89 0 0 0 0 42 0 72 0 0 0 0 0 0 96 0 0 0 17 0 0 0 30 0 0 0 0 0 0 78 0 0 0 0 0 27 80 58 0 0 0 0 0 13 0 47 60 0 0 46 0 0 0 1 0 0 0 0 0 0 67 0 0 63 0 0 99 90 0 0 0 0 0 19 0 0 28 0 0 0 0 0 0 15 100 0 0 0 0 48 0 26 0 0 0 37 23 96 0 0 
0 0 52 0 0 65 37 72 0 0 0 0 0 12 58 0 0 0 79 0 0 69 40 67 0 45 0 0 0 0 72 0 65 21 74 0 58 7 49 62 0 1 0 0 0 0 0 0 36 0 66 75 22 0 0 0 0 0 0 0 32 0 0 4 21 0 0 0 95 82 0 0 0 37 0 0 6 0 0 66 0 0 58 0 0 0 0 0 0 0 0 0 0 0 54 0 25 0 0 0 0 14 0 0 0 27 93 0 0 0 38 0 0 0 0 92 71 0 0 0 76 6 0 52 58 7 0 0 46 0 0 0 0 0 97 0 70 0 54 0 0 0 0 47 0 0 0 0 91 3 0 0 0 0 0 0 8 0 0 0 79 76 0 39 0 82 0 29 0 0 28 0 0 0 0 88 0 0 0 0 0 0 0 0 56 0 0 30 0 0 82 0 0 0 0 0 100 0 30 0 
83 0 0 11 0 0 49 0 0 68 0 0 0 80 45 80 0 0 51 0 69 0 0 0 85 0 8 0 0 32 29 0 0 0 0 0 67 40 31 23 33 0 0 0 0 15 31 35 0 0 70 17 0 0 0 62 0 0 20 7 37 0 82 0 0 0 14 0 91 2 84 0 0 66 0 0 0 0 0 0 0 0 13 0 41 0 0 0 0 0 92 32 89 0 0 0 0 0 0 0 31 0 0 0 18 0 69 97 17 0 88 59 0 0 0 0 0 0 0 0 0 0 0 0 0 0 0 0 0 0 0 0 0 0 0 74 0 59 0 0 55 0 0 0 0 0 73 89 0 0 39 76 61 0 26 0 7 8 15 0 0 0 51 60 96 0 0 0 0 0 78 0 0 0 0 0 75 89 0 0 43 0 0 26 0 0 0 93 0 0 0 0 90 0 0 0 0 0 58 0 
28 0 51 0 0 55 0 0 0 0 83 0 12 0 0 0 0 0 0 32 40 0 0 29 0 73 0 0 45 0 7 26 0 54 1 0 0 0 0 0 15 0 0 0 36 0 49 72 58 86 0 0 47 0 13 40 0 0 21 0 0 0 0 0 0 0 76 76 0 13 0 20 3 0 0 71 0 74 1 46 66 0 0 0 60 0 0 75 0 14 0 0 0 17 47 0 0 0 0 0 39 0 0 0 41 0 98 0 0 44 0 0 34 0 0 72 0 0 0 0 0 77 0 49 0 0 29 0 28 40 0 0 0 0 0 0 0 0 35 0 0 41 0 0 0 0 0 0 0 65 0 0 0 0 0 44 0 0 0 0 98 0 61 0 0 0 0 0 0 0 0 0 49 0 0 0 50 0 13 0 0 0 0 0 85 0 0 28 37 13 90 0 0 71 0 0 0 0 93 36 
0 0 74 30 99 0 0 0 83 0 0 0 64 0 0 43 0 0 0 0 67 0 29 0 0 0 0 22 56 28 55 36 0 37 43 0 0 37 25 0 0 12 0 90 0 95 0 7 0 0 0 2 11 0 0 67 0 0 0 0 0 0 0 97 77 29 0 0 0 13 0 0 0 31 62 23 0 0 0 0 82 0 82 11 0 0 6 0 0 0 0 47 0 0 1 7 0 0 0 0 0 21 0 0 0 63 3 0 0 0 0 0 2 58 0 0 6 0 0 2 0 55 63 0 0 0 0 0 45 0 0 0 0 0 0 0 0 0 0 0 0 66 0 0 0 0 28 0 9 67 0 0 0 38 0 51 12 0 85 5 8 34 0 0 52 0 0 0 0 91 0 0 0 0 0 0 0 0 0 27 0 0 0 6 70 0 0 0 0 0 94 18 0 0 92 0 98 63 51 35 
0 0 0 0 0 10 0 0 0 0 0 33 0 84 0 37 0 0 58 1 0 85 0 0 0 7 80 87 0 0 0 0 86 0 63 0 0 62 75 13 0 0 0 0 96 7 0 0 31 0 0 0 10 0 73 10 63 0 0 9 20 0 100 0 0 0 0 72 0 0 1 0 23 11 0 94 0 55 0 82 0 51 26 44 0 0 83 0 0 0 78 0 0 1 0 0 0 69 0 30 0 22 0 0 0 0 0 0 0 0 0 0 0 32 0 70 46 0 0 0 0 0 0 26 0 0 0 3 0 59 0 0 0 0 0 60 0 0 89 46 0 97 0 0 0 0 0 48 4 0 0 94 58 69 0 0 0 11 0 0 41 0 0 28 0 0 24 0 56 0 0 25 29 99 83 0 0 0 0 0 64 23 0 42 0 0 0 86 87 0 29 35 0 0 0 70 61 0 4 34 
0 0 0 0 44 0 0 17 0 0 0 0 0 8 0 54 0 0 43 63 45 0 73 0 7 0 0 0 0 11 0 0 9 0 0 65 0 0 0 0 0 100 0 0 0 0 25 0 0 59 0 0 0 0 0 0 50 0 0 26 0 93 84 0 0 0 0 0 0 72 0 0 0 0 0 0 56 0 0 0 0 0 75 83 63 0 0 0 0 49 0 0 0 0 0 0 0 0 35 0 0 0 0 65 0 67 0 0 79 31 0 0 39 0 0 0 9 0 0 0 70 0 0 0 0 0 0 0 99 0 0 0 36 0 0 51 0 24 99 0 57 0 79 94 29 15 0 0 0 0 0 0 97 36 0 0 33 0 0 0 0 0 0 0 22 0 0 15 0 51 83 98 0 74 0 0 0 0 0 0 66 0 67 0 0 0 14 72 0 49 0 21 0 75 94 0 0 0 13 12 
0 0 83 0 76 83 72 0 58 42 0 0 0 0 0 0 0 0 0 0 0 8 0 0 80 0 0 0 0 0 0 0 0 0 0 90 1 1 0 27 0 0 0 0 0 0 0 0 0 0 79 0 13 0 46 0 0 0 0 0 49 88 0 0 43 0 88 0 92 42 0 0 19 0 0 0 69 0 82 40 0 0 0 65 64 60 0 0 0 0 94 0 0 27 0 0 92 49 0 0 0 25 51 0 84 0 0 0 0 0 75 69 0 0 0 0 0 20 0 0 94 0 0 87 0 0 18 0 0 0 0 77 77 0 51 0 0 0 6 0 0 0 0 63 51 0 0 0 0 25 0 0 0 0 0 0 88 0 70 100 0 42 0 0 0 0 0 0 36 0 0 0 0 18 32 0 60 0 49 31 0 20 76 52 0 0 32 98 0 0 7 0 70 0 0 70 39 0 0 0 
0 0 55 0 0 0 21 75 0 67 47 0 30 72 42 39 0 0 0 0 0 0 0 22 87 0 0 0 74 53 38 60 0 0 14 0 0 0 91 62 19 19 0 0 0 0 22 29 42 0 0 0 0 12 86 0 0 0 0 60 0 0 0 38 49 0 0 0 0 0 0 0 0 0 0 0 11 0 0 0 81 0 0 0 92 0 24 0 19 0 0 0 64 79 0 0 12 39 0 0 0 0 0 0 0 0 70 91 0 72 0 0 39 0 0 48 0 0 11 0 0 8 0 0 50 0 63 0 0 0 0 31 0 0 67 23 0 0 0 0 0 0 0 0 61 0 0 0 0 75 80 0 0 19 0 0 0 0 0 84 0 28 78 0 0 95 0 0 97 0 0 43 0 0 0 48 0 93 0 0 0 0 0 0 6 0 0 0 0 25 0 0 0 0 0 0 0 0 0 0 
0 51 30 0 0 0 79 0 0 0 0 0 0 0 0 0 0 0 0 0 0 0 45 56 0 0 0 74 0 0 68 0 0 0 0 0 0 0 0 0 53 0 0 31 87 44 0 68 0 0 33 32 92 99 0 0 0 0 0 0 3 0 0 0 36 44 0 0 71 46 0 0 79 91 0 0 59 60 0 0 0 77 0 0 69 0 62 0 62 0 0 0 0 0 0 75 0 0 93 0 33 100 0 0 98 79 0 0 56 0 0 0 0 4 46 0 53 41 0 0 27 46 0 0 0 0 0 0 42 0 1 0 22 0 0 0 0 0 0 0 12 0 0 17 98 0 0 0 0 0 0 0 0 0 2 0 0 71 0 0 0 52 0 0 0 0 0 0 0 0 0 0 98 60 0 0 51 39 0 0 0 88 0 9 0 0 0 0 95 76 0 0 0 0 100 30 0 0 0 0 
0 0 49 0 0 0 41 7 0 0 91 0 0 13 0 0 11 0 0 94 0 32 0 28 0 11 0 53 0 0 0 0 8 0 46 0 80 40 0 47 0 87 0 0 0 0 0 0 0 0 0 0 21 0 69 95 88 0 0 0 0 0 66 0 17 0 79 0 0 40 94 0 64 49 64 86 0 0 0 73 0 0 0 0 0 56 0 0 0 0 0 0 0 0 46 0 0 0 27 0 0 0 0 67 0 11 0 0 56 93 0 0 95 0 0 0 94 51 36 0 0 0 12 56 100 0 0 78 0 0 0 0 0 0 0 0 71 0 47 0 0 89 0 0 0 77 0 22 0 74 0 42 0 0 0 79 0 0 0 0 0 35 0 0 0 0 34 94 36 0 0 0 0 46 0 0 20 0 89 0 0 0 0 0 50 76 0 10 0 0 0 0 0 0 0 0 0 68 0 0 
0 0 86 0 0 0 0 0 0 0 0 0 0 0 0 0 0 0 0 0 72 29 7 55 0 0 0 38 68 0 0 45 0 0 0 0 0 8 82 23 0 0 69 0 96 0 24 0 0 4 0 0 70 0 0 0 24 0 0 53 0 69 0 0 0 0 23 0 0 29 61 0 0 37 0 97 0 0 0 0 98 0 0 0 0 0 0 15 0 0 0 79 23 0 0 0 0 32 49 11 67 0 84 0 0 0 23 0 66 0 0 0 0 0 0 0 0 0 0 0 0 43 0 0 71 0 0 37 0 0 0 0 62 65 42 86 0 9 0 0 0 85 0 0 0 0 77 0 15 0 0 18 0 0 0 67 0 0 0 0 0 0 0 0 0 0 0 85 54 0 0 0 0 0 0 56 0 4 0 78 0 0 92 10 0 0 0 93 63 0 5 13 59 0 78 0 0 0 37 0 
0 14 6 27 0 0 0 37 21 0 0 54 0 0 0 23 62 0 16 0 0 0 26 36 0 0 0 60 0 0 45 0 0 0 0 0 66 0 0 0 0 73 92 50 0 69 0 64 0 44 0 0 80 0 0 0 40 0 0 39 0 73 0 82 0 86 0 14 0 75 0 83 0 0 53 100 0 0 0 0 0 0 35 0 0 0 57 0 72 15 18 0 88 46 0 75 0 35 0 0 44 33 0 2 0 44 0 0 0 89 0 0 0 0 88 0 0 0 74 0 23 0 0 0 64 0 0 73 0 0 0 0 0 0 0 0 63 0 0 88 0 98 0 0 52 0 83 0 0 0 38 0 0 1 0 0 0 0 39 0 0 0 0 0 80 0 0 0 0 17 0 0 0 80 0 0 57 0 0 0 42 35 0 0 0 0 0 0 0 4 0 0 92 0 0 71 0 5 0 20 
0 0 59 43 56 99 0 99 24 0 20 17 0 0 0 0 0 94 62 37 65 0 0 0 86 9 0 0 0 8 0 0 0 26 0 0 0 0 0 0 0 0 0 0 87 69 0 0 0 0 72 51 0 74 76 27 1 0 0 0 0 0 100 0 66 0 0 0 40 0 0 19 3 0 0 0 0 0 19 0 78 0 0 51 0 74 0 0 32 97 0 0 0 0 0 27 0 15 0 0 0 0 84 0 0 0 0 17 0 6 0 0 0 0 0 0 0 0 0 0 0 0 0 0 0 0 89 9 0 51 0 0 0 70 24 64 0 49 0 53 0 0 0 0 10 0 0 48 0 0 81 0 0 0 0 0 0 0 0 0 0 51 8 90 0 0 0 5 0 0 0 0 22 95 0 52 18 0 0 7 0 46 46 20 0 0 0 0 0 38 18 0 0 70 0 27 36 12 0 76 
81 42 0 0 0 0 54 48 0 59 0 0 73 0 97 0 0 0 0 0 21 0 54 37 0 0 0 0 0 0 0 0 26 0 95 0 0 0 0 0 0 0 0 0 29 20 30 20 99 0 72 0 0 69 36 86 0 0 0 53 0 0 0 0 0 0 0 23 0 0 72 8 0 5 0 0 0 0 0 74 48 70 29 0 0 0 32 8 0 0 0 0 0 89 0 0 0 0 91 0 24 0 0 43 19 22 0 0 69 0 0 81 0 0 0 9 14 0 33 2 0 0 0 0 10 7 0 0 0 23 0 0 0 0 0 0 0 0 0 12 84 0 0 88 70 0 49 0 10 0 0 0 44 85 0 0 100 0 0 43 75 0 8 17 0 0 0 0 0 0 0 0 0 0 0 49 0 0 6 0 0 0 0 14 0 0 0 0 0 0 96 0 0 0 62 0 47 34 0 19 
0 0 0 60 0 98 0 56 0 0 0 76 0 0 76 0 0 60 0 17 74 0 1 43 63 0 0 14 0 46 0 0 0 95 0 74 0 0 85 75 11 64 0 0 0 0 0 34 63 0 0 98 44 0 13 0 0 0 13 0 0 44 0 12 93 0 0 40 0 0 0 0 0 0 0 92 0 0 0 85 63 0 0 0 0 0 0 90 0 0 85 0 15 0 0 0 84 0 0 0 56 0 95 32 26 0 0 75 0 0 15 0 66 0 0 85 0 0 7 63 0 0 45 0 0 0 0 31 0 17 0 0 98 0 0 0 77 92 0 0 0 0 27 0 0 30 94 1 1 0 0 0 0 0 0 0 61 0 0 0 21 86 19 0 0 0 0 0 35 0 0 0 0 32 56 0 0 0 0 0 0 28 0 94 47 33 65 20 0 0 0 80 0 0 11 0 0 0 0 0 
89 3 0 0 0 0 0 0 0 0 0 0 62 57 0 0 64 76 71 0 0 0 0 0 0 65 90 0 0 0 0 0 0 0 74 0 100 0 0 0 0 75 0 0 0 14 0 0 20 0 50 0 28 0 0 49 36 0 0 25 0 12 0 67 0 66 96 83 76 64 0 0 0 91 43 0 0 0 0 0 43 0 82 33 40 0 0 89 27 0 0 43 0 0 0 69 0 0 60 0 0 0 0 0 3 0 0 0 82 0 0 99 22 0 0 44 82 0 0 0 0 91 0 0 41 0 0 2 0 0 16 0 62 0 0 0 0 96 0 9 0 15 0 75 25 0 0 0 0 0 0 17 26 0 0 0 84 0 0 0 0 0 0 0 0 0 0 0 0 87 0 0 0 0 33 0 0 0 0 0 0 68 0 86 0 0 2 0 0 54 0 23 0 87 48 0 0 0 0 0 
0 65 14 0 0 41 0 0 0 0 0 96 17 0 0 78 18 0 0 60 58 67 0 0 0 0 1 0 0 80 0 66 0 0 0 100 0 34 0 72 91 0 0 56 0 0 0 26 0 0 67 26 26 0 0 0 0 36 22 0 0 0 0 10 87 0 28 81 0 0 0 8 0 0 0 0 0 0 27 0 57 13 87 0 0 28 0 0 0 0 64 17 43 0 0 0 28 0 0 0 60 0 56 0 0 0 0 0 24 50 0 100 0 20 0 0 0 0 0 99 0 0 0 0 6 0 0 0 0 0 0 27 86 0 0 0 0 0 52 0 0 0 0 81 0 0 70 72 0 0 0 8 0 0 0 44 16 0 0 0 0 0 52 89 0 0 97 0 0 0 25 79 29 74 0 0 77 14 81 0 0 0 93 0 0 0 0 0 0 15 0 22 50 1 59 0 0 0 4 0 
62 0 0 0 93 0 0 0 0 78 0 0 99 0 0 0 0 0 96 0 7 40 0 37 62 0 1 0 0 40 8 0 0 0 0 0 34 0 0 5 0 12 0 0 0 87 0 0 98 0 52 0 0 22 60 0 62 0 2 0 0 55 0 0 20 0 0 42 0 0 12 0 0 62 0 0 0 0 0 0 6 36 0 0 0 14 59 0 0 0 0 57 9 0 0 62 0 0 0 0 0 13 0 0 0 0 59 0 0 11 0 0 0 0 69 70 99 30 0 0 0 0 0 0 0 0 40 33 0 0 36 0 0 0 0 0 0 0 0 0 0 0 32 36 0 0 93 59 0 0 33 0 64 41 0 0 31 0 0 0 49 0 77 62 0 0 0 38 25 0 0 0 60 0 0 6 2 0 0 0 55 0 0 13 0 0 90 0 0 0 0 91 0 67 76 0 0 0 0 97 
0 9 0 0 53 63 74 0 68 0 4 96 0 0 0 0 0 0 0 30 49 31 0 25 75 0 0 91 0 0 82 0 0 0 85 0 0 0 0 0 31 37 0 0 66 81 0 0 35 0 35 0 0 96 0 0 0 0 0 57 0 0 0 0 0 0 0 0 0 0 0 59 55 53 2 0 66 13 8 0 0 0 0 0 0 49 22 0 82 0 74 0 85 0 74 0 0 66 13 0 0 0 0 30 64 0 0 0 72 0 0 0 0 0 3 73 0 58 0 0 67 0 53 27 0 0 93 0 0 0 0 0 0 0 7 0 74 0 0 0 0 59 0 0 0 0 0 0 39 21 0 35 62 64 0 0 0 0 1 0 57 2 0 0 0 66 97 0 9 75 0 0 0 43 0 26 0 0 79 0 47 95 0 0 52 0 0 0 46 0 0 0 0 0 68 0 0 37 86 0 
0 0 0 0 64 0 0 0 0 0 0 0 35 0 0 1 0 0 0 13 62 23 0 0 13 0 27 62 0 47 23 0 0 0 75 0 72 5 0 0 0 0 0 40 0 0 0 0 0 0 0 0 0 0 0 0 0 0 0 47 0 24 5 0 0 0 0 0 0 0 5 0 0 0 0 54 0 0 16 0 0 0 95 0 0 0 33 0 0 0 0 0 0 1 0 0 72 0 0 60 0 0 14 0 0 0 0 8 91 40 0 0 20 0 0 0 0 71 0 60 0 0 19 0 0 85 0 0 0 14 0 0 97 15 0 33 0 0 0 0 0 13 0 0 0 66 0 0 81 3 0 86 0 62 65 0 43 0 0 58 1 0 69 0 94 0 0 56 0 20 24 0 0 33 0 0 68 0 61 0 0 0 0 0 0 0 49 0 0 25 1 0 0 0 87 0 0 30 97 0 
0 0 0 0 36 27 0 26 0 19 0 69 0 0 0 39 0 0 59 0 0 33 15 0 0 0 0 19 53 0 0 0 0 0 11 0 91 0 31 0 0 0 0 0 41 0 0 0 0 96 0 43 0 0 0 0 0 18 72 20 78 0 0 0 0 91 37 39 0 73 0 49 36 72 0 0 0 0 0 61 73 0 0 11 50 0 8 0 0 5 0 0 0 66 0 0 0 0 2 0 0 0 0 53 10 0 0 0 81 88 0 84 88 67 1 0 0 57 42 0 79 0 30 61 93 0 0 0 18 15 0 85 0 0 19 0 0 0 0 0 93 99 0 0 11 0 0 54 0 0 23 32 0 82 27 0 0 0 0 0 0 31 0 25 0 0 56 0 0 37 40 20 0 77 0 0 0 0 0 0 77 0 0 0 0 0 0 0 0 0 0 75 0 0 0 0 38 0 50 39 
0 0 0 13 0 30 52 0 0 78 0 34 81 97 0 27 32 0 0 0 1 0 0 12 0 100 0 19 0 87 0 73 0 0 64 75 0 12 37 0 0 0 67 0 0 0 85 49 0 11 98 0 50 0 0 87 0 71 0 0 0 67 0 35 40 0 49 23 0 37 11 0 0 0 0 0 0 0 0 0 0 51 0 0 81 0 0 71 0 0 0 0 24 0 0 52 69 0 6 31 0 27 96 0 0 0 45 0 0 0 0 80 0 40 0 0 0 0 0 22 0 14 29 0 0 41 87 0 92 23 0 31 0 0 0 0 63 60 0 0 0 0 0 0 72 0 0 0 52 74 0 0 94 78 35 0 47 0 0 0 0 0 0 0 0 1 65 61 0 0 18 0 0 0 0 0 56 0 0 0 63 0 0 0 87 0 0 0 0 0 0 0 0 0 0 0 0 0 75 0 
0 0 0 0 0 0 0 64 34 35 44 0 87 0 0 34 53 0 0 0 0 0 0 0 0 0 0 0 0 0 69 92 0 0 0 0 0 0 0 0 0 67 0 0 19 0 0 0 0 0 56 0 27 0 66 34 0 0 0 0 61 26 0 0 0 0 0 10 99 0 53 0 37 0 0 0 35 74 0 0 0 0 0 0 11 0 0 0 0 0 0 25 3 0 0 0 0 57 0 0 22 0 0 0 6 0 2 0 0 0 0 0 0 0 0 0 19 0 0 42 0 60 0 81 53 42 0 16 0 73 0 23 0 0 0 55 0 0 0 0 0 44 88 36 31 0 0 0 0 39 0 55 0 36 0 0 68 0 78 0 84 46 0 0 0 0 0 72 95 0 40 0 0 36 0 88 0 0 0 0 0 0 0 0 0 92 0 0 0 39 44 0 94 0 0 87 0 0 98 0 
0 1 0 84 0 0 72 0 0 0 0 0 0 0 0 35 0 46 27 99 0 0 0 90 0 0 0 0 31 0 0 50 0 0 0 0 56 0 0 40 0 0 0 0 51 0 0 0 60 0 0 29 0 0 38 0 0 0 0 0 0 0 14 0 0 0 0 15 0 0 0 0 0 93 39 0 0 0 0 0 0 20 0 0 0 0 0 0 96 68 0 25 26 0 0 27 73 35 58 49 0 0 0 73 0 0 0 0 0 0 40 0 45 0 0 43 0 0 0 0 0 0 47 0 0 0 23 0 0 0 0 0 0 0 45 17 0 30 0 0 0 0 0 7 61 0 0 60 0 0 0 0 25 9 0 0 86 0 0 0 69 0 0 0 0 0 0 0 0 48 0 3 0 76 15 0 0 0 0 0 0 0 0 0 0 0 0 39 0 0 65 0 0 16 0 0 0 0 6 0 
59 0 0 0 0 0 0 0 30 0 0 0 35 0 81 0 0 0 70 0 0 0 36 0 96 0 0 0 87 0 96 0 87 29 0 0 0 0 66 0 41 0 19 51 0 0 20 23 0 0 13 0 0 0 76 0 0 0 0 46 0 0 99 17 0 0 79 23 0 0 0 0 3 41 0 0 0 93 0 0 38 71 0 0 98 0 45 0 0 0 91 15 54 0 0 3 0 0 0 86 0 0 0 0 0 0 0 0 0 0 0 19 0 0 0 1 0 37 0 92 0 0 83 0 0 0 0 0 0 74 0 58 0 0 59 3 85 16 99 82 0 0 0 85 0 0 45 97 63 0 0 0 73 0 0 0 0 32 0 0 0 0 17 0 0 0 63 0 77 0 0 0 0 0 0 100 69 0 0 86 49 0 0 0 0 0 0 6 95 0 3 0 0 0 0 0 38 0 0 0 
0 0 0 24 0 0 74 57 17 0 0 23 13 48 69 0 0 0 0 0 0 15 0 95 7 0 0 0 44 0 0 69 69 20 0 14 0 87 81 0 0 0 0 0 0 0 57 18 0 0 0 0 26 0 0 9 0 0 26 0 0 12 34 0 50 18 79 29 0 0 0 0 23 0 0 8 0 0 85 37 51 80 0 0 0 0 0 92 0 71 0 0 0 33 100 36 0 0 0 0 0 0 0 0 47 0 0 0 0 44 0 0 0 0 48 0 0 0 0 0 17 15 0 0 0 60 61 0 0 0 0 0 0 15 0 0 67 0 0 25 0 0 66 21 0 0 0 0 0 100 0 0 63 82 45 31 24 0 0 0 0 0 0 36 0 11 0 0 93 0 0 7 0 7 0 0 0 0 10 86 0 0 47 0 0 0 46 92 0 0 0 0 4 0 0 0 0 66 0 0 
0 0 0 0 64 0 0 99 61 0 42 0 0 0 0 30 93 62 0 0 0 31 49 0 0 25 0 22 0 0 24 0 0 30 0 0 0 0 0 0 0 85 0 0 20 57 0 74 0 48 18 0 44 0 0 0 0 82 0 84 0 0 48 77 93 41 0 68 0 0 0 0 96 44 0 0 0 0 14 0 0 0 40 63 0 3 66 0 0 0 0 35 0 69 0 0 0 49 0 0 0 0 0 61 0 0 0 63 0 0 0 0 0 94 0 0 49 83 0 0 0 0 0 0 0 0 0 34 20 0 0 72 0 0 0 0 0 68 0 0 0 0 0 0 0 0 0 0 0 75 0 0 4 0 0 6 0 0 0 0 0 0 62 0 0 0 0 0 0 0 0 0 49 0 0 94 47 45 0 0 0 0 0 51 0 0 0 0 0 0 0 0 0 0 83 0 0 0 0 0 
75 0 80 35 0 0 0 0 0 0 0 0 0 0 0 0 56 0 0 0 0 35 72 7 0 0 0 29 68 0 0 64 0 20 34 0 26 0 0 0 0 49 0 0 23 18 74 0 0 0 74 0 0 0 75 20 0 0 0 0 0 0 0 86 85 0 17 0 0 69 26 0 0 0 0 96 41 0 0 68 0 0 72 0 65 0 83 2 0 0 87 0 0 0 0 0 0 0 0 0 0 0 0 0 0 0 0 0 0 0 0 16 0 91 0 0 0 1 0 4 0 0 0 0 0 0 46 0 0 0 0 0 81 0 0 0 16 0 72 0 32 0 83 0 0 55 0 28 70 0 54 0 0 0 37 37 80 0 0 0 0 0 46 0 20 0 0 0 0 0 0 0 84 0 0 0 0 0 34 0 0 0 0 88 80 8 0 0 0 0 0 41 0 0 0 0 0 98 19 34 
29 86 0 0 0 0 0 32 0 0 0 32 0 0 0 0 0 0 0 0 36 0 58 0 31 0 0 42 0 0 0 0 0 99 63 20 0 98 35 0 0 0 0 60 0 0 0 0 0 15 0 0 90 94 0 0 0 67 82 0 0 0 0 0 0 67 0 9 0 75 0 0 0 0 91 0 0 0 0 0 67 0 0 0 37 0 0 0 0 0 0 78 34 0 0 0 70 0 0 0 0 4 0 0 0 63 14 0 0 32 0 0 0 0 87 0 0 31 68 88 0 0 0 0 0 0 0 61 0 22 0 57 0 0 100 0 0 12 61 0 0 3 0 0 42 0 0 0 0 0 0 0 0 0 0 0 74 90 0 0 89 67 0 0 0 5 59 0 0 0 0 22 54 0 98 0 0 0 2 0 19 47 74 13 76 0 35 42 39 0 46 64 0 28 32 0 42 0 0 46 
0 0 93 0 17 48 0 90 59 86 0 19 80 0 57 0 0 55 0 0 0 0 86 0 0 59 0 0 0 0 4 44 0 0 0 0 0 0 0 0 96 11 0 0 0 0 48 0 15 0 54 0 0 8 80 0 0 0 0 0 44 39 82 0 0 42 0 56 4 8 0 17 0 0 84 37 0 76 0 22 0 0 0 0 73 0 0 35 0 0 0 0 78 0 0 58 0 0 56 0 55 0 0 40 75 0 0 18 0 0 0 0 0 75 0 30 0 66 23 0 80 0 0 34 30 0 0 86 59 54 0 0 0 0 0 82 18 0 46 93 87 36 0 0 0 48 0 75 0 0 0 0 45 0 16 0 42 0 0 54 0 0 0 0 1 0 18 27 0 0 0 14 0 0 0 0 0 0 0 0 32 58 0 7 0 0 0 0 0 44 0 7 0 60 0 0 0 85 0 0 
0 0 29 0 0 73 0 80 11 42 1 0 0 0 0 0 93 0 0 45 66 70 0 0 0 0 79 0 33 0 0 0 72 72 0 50 67 52 35 0 0 98 56 0 13 0 18 74 0 54 0 20 0 0 0 10 36 99 0 42 0 3 0 0 40 0 0 0 0 0 2 0 82 0 0 0 83 0 0 0 0 0 0 0 0 14 0 0 0 20 0 23 0 55 88 0 0 86 0 0 0 0 0 30 0 0 0 34 0 16 30 0 65 0 0 0 0 0 0 0 0 5 0 0 0 0 0 0 44 0 72 0 0 0 0 15 0 0 0 0 0 0 0 68 0 0 0 8 71 0 0 0 0 0 70 0 0 0 0 23 0 0 91 0 0 10 0 0 53 0 0 0 0 0 0 0 0 0 28 0 31 0 0 90 0 0 0 90 20 0 0 52 0 0 0 0 15 0 79 0 
4 0 96 0 0 0 48 0 83 66 0 0 0 0 0 0 0 33 0 10 75 17 0 2 0 0 0 0 32 0 0 0 51 0 98 0 26 0 0 0 43 0 0 29 0 0 0 0 0 0 20 0 0 0 0 72 11 57 0 0 9 24 0 0 0 0 54 0 87 0 0 0 72 0 0 38 28 97 0 73 0 0 0 0 0 28 94 0 0 0 49 0 0 0 49 0 0 0 0 1 99 0 0 0 18 96 0 80 0 78 0 8 23 0 18 0 14 0 0 0 0 86 0 0 90 0 22 0 0 0 0 0 0 0 0 50 0 27 14 0 0 0 0 0 44 0 88 0 0 0 74 0 0 89 80 10 0 0 90 38 0 17 0 0 0 67 0 0 0 0 0 0 0 0 8 5 96 0 0 23 0 0 0 28 0 40 3 0 0 0 0 0 89 44 17 0 0 0 0 0 
0 0 0 67 0 0 85 0 0 0 0 42 0 0 0 0 70 0 14 0 22 0 47 11 10 0 13 0 92 21 70 80 0 0 44 28 26 0 0 0 0 50 27 0 0 26 44 0 90 0 0 0 0 0 46 0 0 61 95 39 20 0 65 0 0 3 0 0 52 0 13 64 0 0 0 0 0 0 0 6 8 0 0 0 0 0 76 85 0 0 0 0 0 0 0 53 29 33 0 0 0 0 0 27 0 0 22 0 0 0 0 0 0 0 0 0 0 0 95 0 0 0 0 0 27 0 31 0 0 0 0 17 0 62 0 0 2 1 0 0 0 96 0 0 84 0 0 94 0 0 0 0 0 0 69 0 0 0 67 8 0 0 0 0 0 0 0 0 0 58 0 0 15 84 0 0 0 0 6 0 0 0 72 41 0 0 30 0 0 0 85 59 0 10 80 52 0 0 0 48 
0 0 0 23 71 0 0 0 0 48 0 0 72 0 0 0 63 10 0 0 0 0 0 0 0 0 0 12 99 0 0 0 74 69 0 0 0 22 96 0 0 0 0 0 0 0 0 0 94 8 0 0 0 0 0 0 0 21 37 20 97 0 14 0 60 0 0 0 48 19 0 0 0 0 0 62 30 29 0 74 94 0 0 45 34 44 36 0 0 6 0 0 17 32 0 0 77 0 49 0 0 5 0 0 17 98 0 81 0 96 0 0 25 0 0 0 0 91 0 0 62 3 0 0 0 0 15 0 35 0 0 0 0 85 0 0 95 0 82 0 17 67 0 0 0 0 32 0 0 96 2 0 0 84 0 0 14 0 0 0 0 0 0 0 33 2 0 0 0 0 0 0 0 78 83 0 10 0 0 0 0 0 0 0 18 0 0 71 34 0 17 0 49 0 37 0 0 0 7 0 
0 0 0 0 0 0 0 0 0 75 0 95 0 0 28 0 12 60 36 0 0 0 13 0 73 0 46 86 0 69 0 0 76 36 13 0 0 60 0 0 0 0 66 38 76 0 0 75 0 80 0 0 46 0 0 0 65 0 0 0 0 0 0 0 85 9 0 0 69 0 0 0 0 0 0 0 0 28 0 0 0 0 0 0 3 0 0 0 65 0 0 0 0 1 0 47 0 75 0 0 0 0 0 0 95 0 0 0 0 0 0 94 0 18 0 0 0 66 52 58 0 0 48 0 0 0 0 20 0 0 0 0 84 0 0 0 0 0 62 0 0 51 92 65 0 40 0 52 0 0 23 95 0 0 0 87 0 0 0 0 0 0 0 0 0 75 81 89 0 23 5 0 0 0 0 0 9 0 0 0 0 14 0 2 0 0 0 0 84 0 0 8 79 97 0 0 0 0 0 0 
0 0 0 0 0 0 0 0 0 0 0 38 0 70 0 94 0 0 46 0 0 62 40 67 10 0 0 0 0 95 0 0 27 86 0 49 0 0 0 0 0 87 34 0 0 9 0 20 0 0 10 72 0 0 0 0 0 0 0 0 29 0 0 0 0 0 32 0 0 0 0 0 0 0 0 0 0 0 0 0 0 0 0 3 0 3 0 0 0 78 0 0 0 9 0 0 7 73 0 0 0 53 0 0 0 0 100 31 49 0 0 78 78 0 0 0 39 70 0 0 0 67 83 4 85 0 92 0 36 0 0 0 0 0 0 0 0 0 0 0 0 0 0 0 44 0 80 36 0 0 0 17 31 29 82 46 0 0 92 56 52 6 18 0 0 59 0 93 0 0 0 0 0 0 19 0 53 0 0 4 0 0 0 0 0 60 0 0 33 0 16 50 0 76 0 84 0 0 0 0 
0 0 0 0 70 0 0 0 0 69 0 21 0 55 0 0 15 0 0 0 0 0 0 0 63 50 0 0 0 88 24 40 1 0 0 36 0 62 0 0 0 0 0 0 0 0 0 0 0 0 36 11 0 0 65 0 0 0 0 0 0 82 0 8 0 9 0 0 0 43 0 74 0 0 0 0 0 42 0 0 0 59 49 73 0 0 0 32 0 0 97 0 0 0 60 5 0 0 18 0 67 0 0 45 0 0 64 31 93 0 0 0 75 0 58 77 34 0 0 57 0 0 0 0 0 51 0 0 7 45 13 0 0 0 0 0 0 49 0 0 76 0 0 32 0 0 0 34 0 0 47 6 86 84 97 9 0 0 26 0 88 0 0 18 1 0 0 0 98 0 0 0 0 0 0 3 0 0 0 0 11 0 0 33 90 0 0 0 0 0 20 0 0 96 82 10 0 0 0 17 
0 0 0 0 0 67 0 0 0 0 0 0 0 39 48 0 0 88 79 0 0 0 0 0 0 0 0 0 0 0 0 0 0 0 0 0 36 0 0 0 18 71 0 0 0 0 82 0 67 0 99 57 61 21 0 0 0 0 0 0 0 0 33 40 0 99 0 0 0 95 25 0 0 74 0 0 67 0 0 0 0 0 0 0 0 0 0 0 0 86 0 90 0 0 40 0 0 0 0 0 0 69 0 0 43 0 0 0 78 0 0 67 0 100 0 0 0 0 0 0 0 0 0 81 43 99 0 73 0 0 0 0 0 32 63 1 0 29 0 47 0 0 87 0 6 52 0 0 8 0 49 11 0 93 0 0 0 29 0 0 41 0 0 0 32 9 0 28 15 96 0 0 0 0 0 92 46 0 24 0 4 0 24 0 78 0 0 0 0 0 0 42 0 0 82 0 85 0 14 0 
0 83 0 70 0 0 0 0 62 0 0 61 0 10 69 40 14 46 22 0 0 20 21 0 0 0 0 0 0 0 0 0 0 0 13 0 22 2 0 0 72 0 0 0 0 26 0 0 82 0 0 0 95 37 0 0 0 0 0 0 0 0 0 0 0 0 21 74 0 0 0 0 0 61 47 0 0 0 0 0 0 58 77 0 0 0 0 0 0 0 0 0 0 0 0 0 0 0 0 0 42 0 64 6 32 0 3 74 0 91 0 23 0 0 47 74 0 0 52 0 9 78 0 0 0 0 0 0 0 0 0 78 0 60 0 90 0 51 0 15 0 0 43 0 11 64 0 5 62 0 59 0 0 0 0 0 93 86 42 0 89 0 0 94 0 7 55 0 0 0 0 0 0 0 0 0 0 100 75 0 100 37 84 0 0 0 72 60 84 0 0 0 0 0 0 80 0 54 1 19 
0 0 8 0 0 0 0 0 40 0 0 0 0 40 50 0 9 0 88 0 0 7 0 0 9 26 0 60 0 0 53 39 0 53 0 25 0 0 57 47 20 0 0 0 46 0 84 0 0 0 42 0 39 20 0 0 0 0 0 0 96 4 0 90 5 74 0 0 0 69 0 0 33 0 2 92 0 36 0 0 0 0 79 0 0 56 0 0 91 0 0 0 0 91 0 0 0 65 0 61 0 54 0 0 0 0 64 0 95 61 0 10 95 0 54 0 0 37 0 0 25 52 78 77 0 63 0 0 87 0 46 0 0 0 9 0 0 0 90 0 0 0 0 0 0 0 0 0 0 0 0 0 0 55 42 0 0 0 66 30 70 0 65 0 0 0 0 0 38 22 0 0 0 0 0 68 37 0 91 0 71 0 0 0 75 0 44 0 69 0 74 0 0 0 0 0 0 0 0 0 
0 0 0 0 0 86 0 0 0 0 0 37 0 38 0 0 81 63 74 0 32 37 0 0 20 0 49 0 3 0 0 0 0 0 0 0 0 0 0 0 78 0 61 0 0 0 0 0 0 44 0 9 20 97 0 29 0 0 0 96 0 43 0 71 0 0 0 0 79 67 93 89 9 0 0 0 0 23 0 0 8 0 0 22 0 0 0 63 0 82 0 19 11 0 89 0 0 0 0 0 0 0 75 61 0 0 0 0 0 0 0 55 0 49 0 0 0 0 47 0 53 0 0 46 55 0 0 60 91 0 0 0 93 0 87 92 0 11 0 0 0 0 0 17 57 0 0 0 56 56 0 0 16 0 38 0 33 0 9 81 95 8 0 66 0 59 0 0 0 0 0 0 0 0 0 0 0 4 42 0 0 0 19 0 62 0 0 8 23 0 46 35 0 0 0 0 0 0 0 0 
0 99 0 74 0 0 0 0 59 83 0 46 0 75 78 0 0 79 0 0 0 0 0 0 0 93 88 0 0 0 69 73 0 0 44 12 0 55 0 24 0 67 26 0 0 12 0 0 0 39 3 24 0 0 0 0 82 0 0 4 43 0 0 0 0 79 0 0 0 0 100 0 50 0 0 0 0 59 7 0 0 62 0 0 0 87 0 0 73 0 77 0 0 54 0 0 0 0 0 0 32 0 0 0 0 0 0 0 48 0 72 0 0 0 0 14 0 0 16 0 0 0 0 32 0 25 0 55 0 0 47 0 0 0 0 0 0 0 60 0 0 0 0 93 0 0 0 27 0 0 0 0 0 19 0 0 0 0 0 0 0 0 50 0 5 0 0 0 25 2 73 68 42 0 0 99 0 0 0 0 79 0 0 0 90 13 0 84 81 0 96 0 92 0 0 0 0 0 0 0 
0 0 0 0 92 0 36 0 54 46 0 0 0 0 17 96 74 0 66 0 0 82 0 0 100 84 0 0 0 66 0 0 100 0 0 0 0 0 0 5 0 0 0 14 99 34 48 0 0 82 0 0 65 14 0 0 0 33 0 0 0 0 0 0 0 0 0 0 91 0 0 55 0 0 0 0 0 0 0 0 0 0 0 0 0 57 0 0 0 80 0 0 43 0 0 0 25 0 0 0 0 0 0 0 0 92 0 0 83 0 0 0 44 86 0 0 0 0 42 81 0 86 42 0 67 0 49 0 0 0 0 0 0 0 0 70 63 0 0 0 0 67 66 0 8 55 0 0 75 0 0 0 0 0 60 30 58 0 15 0 0 33 76 11 0 2 0 22 55 0 0 0 77 21 16 11 46 0 98 15 94 0 64 53 22 0 0 7 0 0 0 0 0 0 0 0 46 0 47 0 
0 0 0 0 38 94 0 0 0 13 0 0 0 0 0 0 0 71 0 0 4 0 0 97 0 0 0 38 0 0 0 82 0 0 12 67 10 0 0 0 0 35 0 0 17 0 77 86 0 0 0 0 0 0 0 0 8 40 0 90 71 0 0 0 87 0 51 0 0 0 0 0 0 0 0 44 0 53 0 0 77 75 0 0 0 49 0 0 62 80 64 59 0 25 86 0 48 83 0 0 95 7 0 0 0 20 63 0 43 0 0 0 0 0 0 0 0 0 0 0 0 26 0 0 0 0 16 0 0 0 0 89 0 93 72 28 41 64 0 0 0 0 0 0 0 0 0 0 0 0 0 0 0 0 45 77 0 96 62 0 37 0 0 90 0 77 0 0 64 0 0 0 0 0 93 0 0 0 22 0 0 66 0 67 0 57 0 0 0 58 0 0 91 0 3 60 0 0 0 0 
0 0 0 86 0 0 24 0 0 0 0 0 0 0 1 0 0 18 0 83 21 0 0 77 0 0 43 49 36 17 0 0 66 0 93 0 87 20 0 0 0 40 0 0 0 50 93 85 0 0 40 0 0 60 85 0 0 0 0 5 0 0 0 87 0 0 0 0 88 0 22 0 0 0 0 87 0 68 0 65 0 0 0 0 0 31 0 100 0 0 90 0 0 88 95 0 84 89 0 0 0 0 36 0 0 0 85 0 0 92 0 72 0 0 0 0 50 38 0 0 0 0 77 0 0 0 0 0 0 0 0 0 0 0 0 0 0 1 0 61 52 5 0 0 16 20 0 5 0 15 87 0 0 0 0 0 0 0 0 0 0 56 3 0 0 0 78 0 0 0 61 0 0 11 8 0 0 0 0 0 86 0 94 0 16 0 17 0 0 0 0 30 0 2 83 0 0 0 0 20 
0 0 0 43 0 13 0 0 0 0 0 0 0 66 0 0 77 0 0 0 0 0 0 29 0 0 0 0 44 0 0 86 0 0 0 66 0 0 0 0 91 0 0 0 0 18 41 0 67 42 0 0 3 0 9 0 9 99 0 74 0 79 0 0 0 0 0 51 0 0 0 0 0 0 0 0 0 0 0 87 0 0 0 91 0 58 0 0 0 0 58 0 7 0 95 30 0 0 4 0 0 62 75 0 0 85 0 0 55 0 0 35 52 0 0 80 0 0 0 0 97 0 0 5 0 0 52 0 59 89 0 0 0 34 95 0 0 11 12 0 0 0 0 0 11 0 0 0 0 74 0 95 0 0 0 0 0 53 0 44 42 47 65 0 0 0 0 0 1 80 54 17 0 37 0 0 8 0 75 8 0 0 0 0 0 0 0 0 0 11 0 0 0 0 95 20 0 87 29 0 
5 0 58 0 0 0 6 0 90 44 0 0 8 0 0 0 0 98 0 0 0 14 76 0 0 0 88 0 0 79 23 0 0 0 0 96 28 0 0 0 37 49 0 0 79 79 0 17 0 0 0 54 0 0 0 32 0 0 21 0 0 0 0 51 0 0 0 0 0 0 0 0 41 0 87 0 53 0 0 0 97 81 44 8 85 0 0 0 63 31 18 24 0 0 0 32 0 0 0 0 0 0 0 0 0 0 17 20 0 0 0 0 0 0 0 0 0 92 0 55 0 90 12 0 0 50 0 0 43 0 33 0 0 0 79 0 0 0 0 0 0 66 60 0 0 0 77 96 0 0 23 0 15 0 0 0 24 0 7 53 44 13 0 0 34 52 37 0 0 99 39 0 0 63 0 9 23 0 63 79 79 0 74 0 0 0 70 44 0 32 0 55 0 0 0 74 0 0 0 13 
0 31 0 0 0 53 43 0 0 96 0 0 0 0 0 100 37 1 39 0 0 0 76 0 72 0 0 0 0 0 0 14 0 23 40 83 81 42 0 0 39 23 10 15 23 29 68 0 9 56 0 0 0 0 0 0 0 0 74 0 0 0 0 0 0 51 0 0 0 0 0 0 0 0 91 0 36 0 94 67 55 0 0 83 54 0 93 0 27 0 0 0 0 12 0 0 0 35 0 70 0 0 100 37 0 82 13 45 0 10 0 0 0 0 0 62 0 54 15 100 0 0 3 0 0 0 87 0 0 91 99 0 0 0 0 0 91 0 5 0 0 0 0 100 23 0 61 0 0 15 25 0 0 0 0 0 0 0 0 0 30 0 71 43 0 0 63 79 0 0 97 79 0 0 0 0 44 0 0 0 0 9 72 0 0 96 0 16 0 47 0 0 0 0 49 0 0 0 0 11 
51 0 11 15 0 0 0 0 0 0 0 0 0 0 75 0 0 15 0 0 95 91 0 0 0 0 92 0 71 0 0 0 40 0 0 76 0 0 0 0 0 0 99 0 0 0 0 0 0 4 0 87 52 48 69 0 0 0 0 0 79 0 91 0 88 0 0 0 0 52 0 5 0 0 0 9 0 3 0 0 0 0 0 0 0 79 0 0 0 0 91 0 0 45 39 54 64 0 0 52 0 85 0 38 3 94 63 98 0 4 0 0 0 21 80 85 0 0 90 0 0 0 0 0 0 0 0 0 6 0 2 0 22 0 0 0 0 38 0 0 0 59 0 0 0 0 15 0 0 35 61 0 0 0 0 0 0 0 6 36 0 0 0 0 0 27 38 0 0 0 57 0 8 0 2 24 0 0 0 23 0 0 49 0 0 0 49 0 0 0 95 0 3 0 76 0 70 3 32 0 
0 0 69 0 0 95 0 75 0 32 0 0 0 0 0 0 0 0 33 0 82 2 13 13 0 72 42 0 46 40 29 75 0 0 0 64 0 0 0 0 73 37 0 0 0 0 0 69 75 8 0 0 0 19 0 0 43 95 0 69 67 0 0 0 0 0 0 0 52 0 0 0 0 0 0 0 0 36 98 0 0 0 80 63 0 0 0 0 83 44 0 0 0 8 12 0 0 93 0 0 36 0 10 0 0 86 93 19 0 9 0 0 41 64 0 0 0 1 0 0 0 0 0 0 0 0 40 25 61 0 0 72 47 0 47 52 35 78 50 55 0 0 0 0 41 80 4 48 0 0 0 0 0 0 8 0 46 5 0 0 0 72 0 13 0 0 0 0 0 0 0 0 0 0 0 0 51 0 0 13 0 0 0 0 94 0 0 1 0 54 69 0 74 0 0 55 0 18 0 0 
2 0 0 0 94 60 0 58 0 69 0 75 0 0 65 0 82 0 0 0 0 84 0 0 1 0 0 0 0 94 61 0 0 72 0 0 0 12 0 5 0 11 53 0 0 0 0 26 0 0 2 0 13 0 0 0 0 25 0 0 93 100 0 0 22 0 0 0 0 0 0 0 0 0 0 2 0 16 0 0 0 0 67 0 0 43 0 0 0 63 0 0 0 0 56 0 0 0 0 0 43 0 0 0 0 46 38 0 0 0 0 35 0 0 0 0 0 0 18 0 0 63 0 0 0 0 0 87 0 60 0 0 0 0 0 0 19 0 0 0 0 0 0 0 21 94 87 0 69 0 15 63 0 0 58 98 0 0 0 0 0 0 48 0 0 0 0 0 13 14 0 0 0 14 76 0 71 95 29 0 0 0 45 69 0 0 85 74 0 45 0 79 0 21 0 0 0 33 0 0 
0 0 0 0 0 0 23 33 0 0 62 0 51 77 0 16 0 48 0 27 0 0 20 0 0 0 0 0 0 0 0 83 19 8 0 0 8 0 59 0 49 0 0 0 0 0 0 0 0 17 0 0 64 0 0 0 74 0 0 0 89 0 55 0 0 0 0 0 5 0 0 0 4 0 0 0 0 0 85 15 0 0 0 0 70 0 0 0 0 0 44 78 0 0 0 58 0 1 0 7 0 0 92 0 0 0 26 75 0 0 27 34 23 0 62 37 10 86 0 0 0 77 0 0 0 0 0 3 84 49 0 0 38 0 3 0 0 0 81 0 0 0 7 0 85 0 83 0 74 61 0 0 0 89 18 0 0 0 0 51 0 0 0 0 0 71 0 0 22 92 0 0 0 0 0 25 0 43 0 0 0 0 97 49 0 0 0 45 0 0 0 0 64 0 0 45 4 0 0 0 
0 91 73 0 0 0 58 26 0 0 0 16 0 91 0 0 0 94 20 0 0 0 3 0 23 0 19 0 79 64 0 0 3 0 0 0 0 0 55 0 36 0 37 0 3 23 96 0 0 0 82 72 0 0 0 0 0 0 0 33 9 50 0 0 0 0 41 0 0 0 0 4 0 0 0 0 0 0 0 0 1 0 6 60 0 0 0 72 0 17 0 0 0 0 14 0 28 0 1 0 0 0 0 0 42 0 15 84 7 0 0 0 0 87 52 0 0 0 31 38 91 53 0 0 0 0 0 0 100 0 16 0 3 0 0 0 0 20 0 69 0 0 0 0 0 0 0 0 0 7 0 16 38 62 24 5 0 28 0 29 0 0 74 0 0 95 0 38 0 0 0 0 0 0 0 0 99 82 0 0 47 0 0 0 75 43 86 0 98 0 0 0 61 0 0 71 17 0 0 0 
0 0 0 21 0 0 0 0 0 0 0 65 0 0 84 9 16 0 22 93 37 66 0 31 11 0 0 0 91 49 37 0 0 5 0 91 0 62 53 0 72 0 0 93 41 0 44 0 0 0 0 0 0 0 0 0 0 74 61 0 0 0 0 0 0 0 0 0 0 0 0 0 0 0 0 0 0 0 3 0 0 0 0 0 0 0 0 0 0 0 0 5 1 16 35 0 0 72 0 0 95 0 44 0 25 74 40 0 0 0 88 17 0 0 0 0 0 0 0 0 0 0 0 0 0 48 0 0 0 0 0 0 0 33 0 3 0 0 0 0 0 0 0 74 0 0 0 0 80 0 0 0 0 0 0 0 62 0 0 5 63 0 0 0 0 0 0 26 18 0 27 88 0 0 73 0 0 0 94 0 0 66 0 0 0 7 0 63 0 19 0 51 77 10 0 0 0 0 0 0 
69 0 0 0 0 0 14 0 0 0 80 0 0 0 0 0 43 0 72 0 0 0 0 62 0 0 0 0 0 64 0 53 0 0 0 43 0 0 2 0 0 0 0 39 0 0 0 0 91 84 0 0 0 0 0 0 0 0 47 2 0 0 0 0 0 0 87 91 0 0 0 0 0 0 0 0 0 0 0 29 0 18 0 0 0 0 0 0 0 0 0 0 86 0 0 0 11 98 30 0 48 82 0 0 0 0 7 0 0 0 0 0 0 0 0 0 96 94 0 0 0 54 0 0 74 53 0 0 0 0 0 0 0 9 3 0 0 0 71 0 0 0 0 0 0 50 10 0 0 97 0 0 0 0 0 25 0 0 65 0 0 0 0 0 0 6 0 0 9 0 0 0 0 0 0 0 45 0 0 0 32 30 0 0 0 0 0 45 0 0 18 0 0 23 0 0 0 0 50 0 
28 0 13 42 0 0 0 61 0 95 0 0 35 46 0 0 0 0 0 0 0 0 71 23 94 0 0 0 0 86 97 100 0 0 92 0 0 0 0 54 0 0 0 0 0 8 0 96 0 37 0 38 0 62 0 0 0 0 0 92 0 0 0 44 87 0 0 0 9 0 2 0 0 0 0 0 0 0 0 71 26 0 0 0 99 63 100 0 65 0 0 0 39 82 0 0 0 16 0 73 0 0 22 0 48 52 0 8 44 0 0 0 0 18 0 57 98 0 0 0 0 0 20 0 89 41 47 0 99 0 0 61 0 0 47 0 0 0 0 76 0 0 98 0 0 0 0 27 85 0 0 4 75 0 10 0 0 0 93 26 0 0 0 38 74 0 11 78 0 67 12 0 26 11 29 13 92 0 0 2 0 23 0 0 0 0 0 0 51 19 0 39 0 46 94 0 19 0 58 0 
0 18 51 0 6 0 66 57 0 0 0 30 0 59 0 0 0 0 0 0 6 0 0 0 0 56 69 11 59 0 0 0 0 0 0 0 0 0 66 0 0 0 35 0 0 0 0 41 0 0 83 28 0 30 0 0 0 67 0 0 0 0 0 0 0 0 53 36 0 0 0 0 0 0 0 0 0 92 38 0 0 0 0 23 0 0 0 0 0 0 19 0 42 17 0 82 0 0 0 59 0 0 0 0 0 0 14 0 0 0 17 0 0 0 0 0 0 68 95 0 0 83 0 0 0 40 0 46 88 0 0 0 0 0 0 27 0 0 0 0 0 21 38 0 0 51 0 0 0 0 40 76 34 94 0 0 0 0 0 0 39 16 75 55 0 0 71 5 39 27 0 0 0 5 44 23 19 0 0 0 0 0 0 0 0 91 56 0 0 0 0 0 0 0 0 87 0 0 0 0 
0 0 63 7 0 69 0 25 0 0 38 0 0 0 0 0 43 20 70 0 0 0 74 0 55 0 0 0 60 0 0 0 0 0 0 0 0 0 13 0 0 0 74 0 93 0 0 0 0 76 0 97 0 29 28 0 42 0 0 36 23 59 0 53 68 0 0 0 3 36 16 0 0 0 0 0 92 0 0 0 0 0 0 0 0 0 0 51 55 0 0 8 51 0 0 0 0 0 80 0 0 0 0 0 0 12 0 60 0 0 0 72 0 68 0 75 0 95 0 0 0 0 0 0 96 0 95 39 0 0 42 42 33 79 0 85 73 0 0 0 0 9 0 0 74 0 0 0 38 98 0 0 82 0 0 0 0 22 0 61 99 3 0 0 0 0 0 0 0 0 29 0 84 35 0 69 0 36 0 0 0 0 0 47 7 0 0 0 0 64 0 0 0 0 84 79 47 0 0 0 
0 91 0 0 91 23 0 0 0 0 0 25 15 0 52 0 50 0 0 0 0 0 1 0 0 0 82 0 0 0 0 0 19 0 0 0 27 0 8 16 0 0 0 0 0 85 14 0 0 0 0 0 0 0 0 0 0 0 0 0 0 7 0 0 0 0 0 94 0 98 0 85 0 3 0 0 38 0 0 0 0 7 70 0 0 0 0 0 0 0 55 10 0 52 0 0 0 0 0 0 61 0 0 0 0 0 0 68 0 0 0 0 16 0 0 0 0 18 0 67 0 0 97 7 0 0 52 0 0 0 0 0 0 0 0 0 14 95 98 49 0 65 0 42 0 0 39 78 11 90 0 0 0 80 0 0 0 0 0 0 0 0 0 2 0 0 0 0 0 0 0 92 0 0 0 0 0 0 0 17 0 0 0 78 0 27 0 9 0 0 13 0 0 43 0 0 0 0 0 0 
0 68 99 0 54 46 0 43 91 0 0 0 0 12 70 0 86 0 93 0 66 0 46 0 82 0 40 0 0 73 0 0 0 74 85 0 0 0 0 0 61 0 0 0 0 37 0 68 0 22 0 73 6 74 0 0 0 0 0 0 0 0 0 0 65 87 0 67 0 0 0 15 0 0 29 71 0 0 0 0 3 0 45 0 0 0 65 0 0 0 0 99 0 0 95 14 0 0 0 0 34 0 0 0 0 74 13 0 66 5 75 0 0 0 0 0 0 40 0 0 40 0 0 0 0 99 91 69 0 0 0 6 0 0 0 0 0 9 78 41 92 0 38 31 0 0 0 0 0 100 0 0 0 0 0 29 0 36 0 38 0 0 60 0 0 0 54 0 0 0 45 80 0 0 0 9 0 57 47 73 0 0 8 0 72 0 0 0 0 0 0 84 0 0 0 95 0 0 0 95 
32 0 0 0 0 0 0 36 0 0 0 0 0 67 47 0 0 0 47 49 0 0 66 82 0 0 0 81 0 0 98 0 78 48 63 43 57 6 0 0 73 0 0 0 38 51 0 0 67 0 0 0 8 94 0 0 0 0 0 0 8 0 0 77 0 0 97 55 0 0 0 0 1 0 0 26 0 0 0 3 0 0 30 74 0 0 25 0 0 48 9 0 0 0 0 0 0 95 0 0 0 0 0 0 0 0 0 0 0 0 44 10 23 95 29 0 0 0 0 0 0 0 37 0 0 0 0 0 0 0 0 89 0 0 0 0 0 0 15 0 0 0 0 0 0 40 0 0 0 0 0 0 0 0 0 69 0 0 0 0 1 36 4 0 0 55 0 0 5 21 87 0 0 0 0 99 0 20 0 0 0 0 0 83 0 0 0 0 11 83 0 0 72 0 0 59 52 0 0 86 
35 73 0 0 0 0 0 91 0 0 73 0 0 71 0 0 0 0 0 0 0 0 0 0 51 0 0 0 77 0 0 0 0 70 0 0 13 36 0 0 0 51 0 20 71 80 0 0 0 0 0 0 0 0 0 0 59 0 58 0 0 62 0 75 0 0 81 0 0 0 0 0 0 0 18 0 0 0 7 0 0 0 80 0 0 0 0 92 0 0 0 0 0 70 0 0 0 0 31 0 0 0 0 87 0 0 0 0 0 0 0 0 0 0 0 0 0 0 39 0 0 0 44 0 0 0 19 0 0 40 54 0 0 10 0 0 0 81 33 19 0 96 0 0 0 0 0 0 0 82 0 0 0 11 0 0 56 15 0 23 0 0 0 90 0 0 0 88 0 0 34 0 0 82 0 0 69 19 0 27 55 0 0 26 0 0 0 74 0 86 26 71 0 42 0 0 0 0 78 0 
0 0 31 0 0 0 0 0 0 3 3 0 0 75 0 33 0 5 0 44 58 13 0 82 26 75 0 0 0 0 0 35 0 29 0 82 87 0 0 95 0 0 0 0 0 0 40 72 0 0 0 0 0 0 0 0 49 0 77 79 0 0 0 0 0 0 44 0 0 80 67 0 6 0 0 0 0 0 70 45 30 80 0 0 0 94 0 29 61 0 0 0 91 0 0 0 0 0 75 0 48 0 0 0 0 0 0 82 0 0 0 12 26 0 0 71 0 88 0 0 0 49 66 0 0 0 0 0 0 6 0 0 50 0 0 95 0 0 0 0 0 0 0 0 0 0 0 73 0 0 84 0 15 0 45 0 67 0 0 0 0 0 13 0 0 0 0 0 0 0 0 72 0 79 0 75 0 59 10 0 0 0 28 0 0 0 0 0 2 0 0 0 0 0 0 0 0 0 0 10 
0 0 56 0 0 70 6 0 0 0 0 15 0 31 55 6 16 58 0 0 0 0 0 11 44 83 65 0 0 0 0 0 51 0 0 33 0 0 0 0 11 0 0 0 0 0 63 0 0 0 0 0 0 45 0 3 73 0 0 0 22 0 0 0 0 91 8 83 0 63 0 0 60 0 0 0 23 0 0 0 74 0 0 0 0 0 0 0 0 0 0 67 0 0 38 0 0 0 57 0 0 93 93 0 0 0 16 0 0 0 0 0 0 59 0 99 0 11 9 0 54 11 0 86 0 0 0 74 0 0 0 0 18 20 0 0 0 0 79 0 0 69 0 66 0 0 0 0 0 36 0 0 0 0 0 78 64 71 0 0 76 0 94 0 0 0 0 0 0 0 0 61 0 0 0 0 88 0 0 0 0 33 0 67 0 56 38 0 0 0 0 53 48 0 19 29 0 0 0 0 
0 0 0 46 85 35 0 0 3 0 0 0 0 0 0 0 30 83 32 0 0 41 60 0 0 63 64 92 69 0 0 0 0 0 0 40 0 0 0 0 50 81 11 0 98 0 0 65 37 73 0 0 0 34 3 0 0 0 0 0 0 0 0 0 0 0 85 54 0 0 0 70 0 0 0 99 0 0 0 0 0 0 0 0 0 93 0 45 0 10 0 0 51 0 18 0 0 0 0 75 0 73 0 0 79 0 0 0 0 0 46 0 46 8 0 0 75 63 25 99 0 0 0 0 0 0 0 1 0 0 39 18 0 0 0 0 0 0 0 0 0 55 0 0 49 0 0 4 12 0 81 0 0 80 0 0 0 0 0 0 32 0 0 0 0 70 0 0 63 43 0 0 0 0 5 0 0 57 0 0 94 0 0 0 0 0 0 0 0 0 0 53 0 0 0 76 66 0 0 0 
0 0 21 0 29 23 0 0 0 42 0 0 80 0 0 0 0 32 0 0 0 0 0 0 0 0 60 0 0 56 0 0 74 0 0 0 28 14 49 0 0 0 0 0 0 0 3 0 0 0 14 28 0 44 0 3 0 0 0 56 0 87 57 49 31 58 0 0 79 0 43 0 0 0 0 63 0 0 0 0 0 0 94 0 93 0 0 0 0 41 0 0 0 52 0 0 76 33 0 0 64 87 0 0 39 0 0 0 0 0 0 0 0 16 26 67 0 0 0 20 26 45 0 0 0 95 0 0 0 0 0 0 0 0 76 75 0 0 0 78 0 83 11 0 0 0 0 74 97 0 0 66 14 0 96 0 0 0 0 0 0 0 62 89 0 0 73 0 68 0 44 15 0 8 0 0 0 0 0 0 0 80 68 20 0 0 0 0 0 0 0 4 0 0 0 29 0 0 0 0 
0 0 0 82 0 86 73 97 77 0 0 0 0 88 76 96 17 60 3 64 0 0 0 6 83 0 0 24 62 0 0 57 0 32 0 0 0 59 22 33 8 0 0 0 45 0 66 83 0 0 0 94 76 36 0 0 0 0 0 0 0 0 0 0 0 0 0 93 0 0 0 0 0 0 0 100 0 0 0 65 25 0 0 0 0 0 0 0 0 0 0 1 0 0 0 28 0 0 37 0 0 0 0 4 0 27 0 0 58 0 0 0 0 0 96 48 36 0 51 0 0 13 0 56 0 39 42 0 0 0 13 0 0 0 31 0 47 0 0 0 0 0 0 0 0 67 34 0 0 0 70 0 0 0 0 0 59 0 0 0 0 0 69 0 0 27 0 0 0 0 0 0 0 0 71 0 0 60 0 56 0 0 64 92 0 0 0 99 0 0 0 0 99 3 0 0 0 0 0 0 
0 0 0 0 0 0 85 30 0 0 82 42 0 0 31 0 0 0 0 0 0 0 75 0 0 0 0 0 0 0 15 0 0 8 90 89 0 0 0 0 0 71 0 0 0 92 0 2 0 35 0 0 85 0 0 0 32 0 0 0 63 0 0 0 100 0 0 0 0 0 0 0 72 0 0 0 0 51 0 0 0 92 29 0 45 0 0 0 7 0 0 15 0 0 0 43 0 0 90 0 20 0 0 0 15 79 0 0 0 0 0 0 0 66 28 0 0 0 56 40 0 91 0 0 0 0 0 0 0 0 2 0 36 0 0 0 0 0 0 38 46 7 0 0 0 0 0 0 0 0 34 74 0 50 23 0 72 0 6 18 0 0 84 0 0 0 6 0 0 0 6 0 72 0 0 0 86 0 29 0 0 0 73 98 0 0 44 0 31 0 0 0 0 0 44 80 0 89 0 0 
0 0 87 74 0 0 59 0 44 0 29 26 0 0 0 0 69 0 0 0 0 0 0 0 0 0 0 19 62 0 0 72 32 0 0 27 0 0 82 0 0 0 0 96 0 0 0 0 0 0 0 0 0 0 65 0 0 0 0 91 0 73 0 62 0 0 63 27 0 83 0 0 0 0 0 65 0 55 0 0 0 0 61 0 0 0 0 7 0 15 0 0 0 89 76 70 78 0 0 0 0 13 62 0 0 0 0 0 0 0 0 33 0 0 55 0 0 0 0 0 78 0 74 17 0 0 56 0 0 0 12 0 72 0 0 0 9 37 0 0 76 0 0 28 0 0 0 0 0 0 37 78 0 26 0 0 0 60 0 0 0 0 0 0 0 20 0 0 0 0 0 0 87 0 0 0 54 8 0 0 52 0 0 0 2 0 0 0 0 14 0 0 36 0 0 0 0 0 0 69 
0 0 0 0 32 0 67 0 67 5 0 0 20 0 0 12 0 0 69 34 0 0 14 0 0 49 0 0 0 0 0 15 97 0 0 0 0 0 0 0 5 0 0 68 0 71 0 0 0 0 20 0 0 6 0 78 0 86 0 0 82 0 80 80 0 0 31 0 0 44 63 0 17 0 0 0 0 0 0 0 48 0 0 0 10 41 0 0 15 0 0 0 0 70 42 51 96 45 0 96 84 0 0 54 2 0 95 22 0 84 0 0 0 0 0 99 83 0 0 0 70 0 92 88 17 0 44 0 0 0 93 0 0 0 0 0 0 0 0 0 86 32 0 92 20 0 0 73 14 94 0 98 0 0 7 0 27 0 3 0 0 0 0 0 0 0 87 0 5 0 0 0 100 0 0 0 0 0 0 0 0 56 0 0 0 0 0 78 88 92 58 0 1 0 82 0 38 0 0 22 
0 0 0 17 0 91 0 100 0 0 0 0 0 11 9 0 37 0 99 0 0 92 0 0 78 0 94 0 0 0 0 18 0 0 85 0 64 0 74 0 0 0 0 0 91 0 0 87 0 0 0 49 0 0 0 0 97 0 0 0 0 77 0 64 90 58 18 0 91 0 0 44 0 0 0 0 19 0 55 0 9 0 0 0 0 0 0 0 0 0 0 0 0 0 14 37 0 94 76 0 0 0 0 0 26 0 0 54 0 79 0 0 0 0 0 0 0 0 0 0 0 4 0 39 0 0 49 0 0 0 55 0 0 2 0 0 0 0 31 0 0 0 0 56 96 0 0 0 0 0 0 3 11 0 14 0 0 0 0 0 0 37 0 0 6 0 0 26 0 23 0 77 0 0 0 0 0 0 0 48 61 0 0 0 0 0 0 0 0 0 45 49 0 78 0 25 0 0 0 88 
37 0 0 56 21 0 29 12 0 0 83 27 10 91 0 54 0 97 0 0 0 32 0 47 0 0 0 0 0 0 79 0 0 0 0 43 17 57 0 0 0 0 25 25 15 0 35 0 78 0 23 0 0 0 0 0 0 90 0 0 19 0 0 59 0 0 24 0 0 0 0 78 0 5 0 0 0 8 10 99 0 0 0 67 0 0 1 15 0 0 0 0 0 0 52 0 0 0 0 0 7 0 0 0 70 94 0 0 0 0 82 0 0 45 0 16 35 0 0 0 28 0 0 27 0 0 65 0 0 0 0 0 0 0 0 61 0 0 0 0 0 0 0 0 0 0 0 8 0 0 0 0 0 17 0 89 0 0 65 0 0 0 0 74 0 0 11 68 0 45 0 69 83 0 21 0 0 60 0 0 0 0 0 31 18 14 0 0 63 43 0 0 0 62 90 15 3 0 0 0 
0 0 43 7 0 0 10 0 0 0 0 0 0 0 0 0 0 0 23 0 0 89 0 0 0 0 0 64 0 0 23 88 0 0 15 0 43 9 85 0 0 24 3 26 54 0 0 0 34 78 0 0 0 17 0 0 0 0 0 0 11 0 43 0 0 7 0 0 0 0 0 0 0 1 86 39 42 51 0 0 0 0 91 0 51 0 0 0 0 0 0 0 0 0 0 62 0 0 0 0 0 0 0 51 0 0 0 0 0 0 79 0 69 0 0 39 0 68 0 33 0 0 2 0 0 0 83 0 29 82 0 0 0 0 0 8 0 0 0 0 78 0 70 0 0 0 24 52 0 100 0 0 0 0 0 57 11 0 0 53 73 0 0 0 90 0 81 0 0 0 65 9 71 69 0 0 0 0 0 0 0 0 0 2 59 89 0 56 0 4 0 0 0 0 68 69 28 59 0 0 
0 0 0 0 8 0 0 0 61 0 96 66 98 0 0 0 47 0 0 0 0 0 17 0 1 0 27 79 0 0 0 46 0 89 0 0 0 0 0 1 66 0 0 0 0 33 69 0 0 0 55 0 0 32 1 9 0 0 0 91 0 54 0 25 88 0 0 12 45 8 0 0 0 16 0 82 17 0 52 0 0 70 0 0 0 52 0 0 89 70 0 0 0 0 0 0 0 0 0 13 0 0 0 0 0 0 0 0 97 27 0 0 0 0 47 89 0 0 0 0 87 31 0 0 0 65 0 0 0 0 0 0 0 0 89 0 0 0 0 0 14 25 0 0 81 0 0 18 0 0 0 0 0 0 0 0 16 0 52 8 0 0 34 0 2 0 0 0 0 0 0 31 28 0 0 0 78 11 0 21 58 0 44 62 0 0 0 0 0 0 0 84 94 0 0 52 51 0 81 0 
0 53 0 0 50 0 0 0 0 0 0 93 0 14 0 53 0 56 0 43 54 0 47 1 0 0 0 0 0 46 0 0 0 0 0 0 0 0 74 0 0 0 0 0 0 100 0 0 0 0 88 49 0 0 0 0 60 40 0 0 89 0 0 86 95 95 0 0 39 12 56 0 14 35 0 0 0 0 0 95 0 0 0 38 18 0 0 0 76 42 14 52 0 0 0 0 0 12 0 0 7 0 0 0 0 0 0 12 65 0 0 0 0 0 71 0 0 99 60 92 0 0 11 0 76 0 0 70 0 21 39 0 0 0 0 0 57 0 0 0 0 60 81 0 0 0 0 0 0 41 0 0 29 0 0 0 0 0 0 61 0 78 38 0 35 75 0 0 0 0 99 19 44 0 61 0 0 0 0 0 0 19 0 0 0 0 19 0 0 0 0 0 8 0 0 25 36 0 0 0 
0 49 3 0 0 0 2 0 14 0 73 0 13 0 0 0 0 0 0 0 0 0 0 7 0 0 0 0 75 0 0 75 27 0 0 69 0 62 0 0 0 52 0 27 3 36 0 0 0 58 0 0 53 0 47 0 5 0 0 0 0 0 0 0 0 30 32 0 54 0 0 58 0 0 0 0 82 0 0 14 0 0 0 0 0 0 28 43 70 51 37 0 62 0 0 0 99 0 0 67 0 0 0 33 0 0 71 0 79 66 0 0 0 0 0 0 13 0 0 29 0 0 0 48 0 89 8 0 0 0 0 0 29 77 0 58 0 8 0 0 27 0 0 0 86 51 81 0 0 0 34 18 0 94 0 33 2 37 0 67 0 0 86 0 80 23 0 0 0 17 0 8 0 52 0 0 0 0 20 0 27 0 0 0 17 0 30 75 0 0 0 0 30 0 0 0 60 0 0 24 
0 0 90 0 0 93 23 27 0 0 48 0 48 0 0 65 67 0 0 0 25 0 0 0 0 0 92 12 0 0 0 0 0 0 84 0 28 0 0 72 0 69 0 73 0 0 0 0 70 0 0 0 29 77 0 7 0 0 0 0 0 0 25 48 84 0 0 0 64 0 0 0 28 0 11 0 0 0 0 0 0 0 0 0 0 76 0 0 78 96 0 0 0 0 0 99 0 13 6 0 0 64 0 79 91 0 67 0 0 95 29 0 32 0 0 0 0 0 0 93 0 30 98 0 0 0 0 53 0 0 44 0 0 0 0 81 0 0 94 0 68 0 39 0 96 0 0 0 0 0 0 87 0 0 26 0 0 12 19 2 0 0 0 0 0 0 0 0 15 0 20 0 0 0 18 63 0 0 0 0 91 0 0 32 0 0 0 0 0 0 66 0 0 78 0 52 0 0 0 0 
0 0 69 0 0 0 0 0 50 0 0 0 0 0 0 0 23 0 0 3 0 0 0 0 69 0 49 39 0 0 32 35 15 0 0 0 0 0 66 0 0 0 57 35 0 0 49 0 0 0 86 0 33 0 75 73 0 0 0 65 0 0 0 83 89 0 0 35 0 93 0 1 0 72 98 16 0 0 0 0 95 0 0 0 0 33 0 0 0 45 94 0 0 0 12 0 13 0 0 0 0 78 0 0 0 0 60 0 0 0 0 0 65 0 37 0 0 0 49 0 0 0 0 87 0 0 21 87 22 0 0 0 0 0 0 57 0 53 27 0 0 0 0 0 0 50 0 0 0 0 30 40 0 71 0 0 0 23 6 0 7 77 0 0 0 0 67 0 67 0 37 6 0 0 0 0 0 67 79 0 29 0 0 0 0 0 0 21 0 6 0 0 0 0 0 53 0 0 0 0 
23 0 0 0 0 0 0 0 25 91 0 24 2 0 0 0 66 0 76 0 0 0 0 0 0 35 0 0 93 27 49 0 0 91 0 60 0 0 13 0 2 6 0 58 0 0 0 0 0 56 0 0 0 49 0 0 18 0 0 0 0 0 0 0 0 4 0 0 0 0 0 0 1 0 30 0 0 80 0 0 0 31 75 57 0 0 37 90 0 0 76 0 0 0 0 0 6 0 0 0 79 13 0 0 13 15 0 0 0 0 0 0 33 0 29 0 0 0 0 0 0 24 77 0 0 34 0 0 0 0 0 0 0 67 0 0 63 27 0 86 0 0 0 0 91 0 0 0 0 0 0 0 0 47 0 6 0 0 65 0 0 0 0 20 0 71 0 0 0 0 35 0 0 0 86 0 71 0 30 0 0 3 0 0 30 0 0 0 77 22 0 70 0 0 0 0 53 61 0 0 
0 52 0 0 0 88 0 0 0 0 0 0 0 98 0 0 86 0 0 77 0 0 0 0 30 0 0 0 0 0 11 0 0 0 0 0 0 0 0 60 0 31 0 49 86 0 0 0 0 0 0 1 0 0 0 0 0 0 0 61 0 0 0 0 0 0 0 70 52 0 0 7 0 0 0 73 59 0 0 0 0 0 0 0 75 0 0 0 0 96 0 0 0 13 0 67 0 0 0 0 0 0 0 0 0 0 40 0 38 91 85 0 0 0 0 0 0 0 60 0 44 0 0 0 0 24 7 0 60 0 0 98 31 0 0 0 0 0 0 0 0 64 0 0 0 24 6 8 15 21 27 96 0 0 0 0 0 16 57 27 0 17 0 0 0 0 0 0 100 0 65 0 83 0 0 0 0 33 0 0 0 55 7 0 0 10 0 0 54 0 46 0 0 0 0 0 0 0 0 0 
61 27 56 40 0 1 0 53 0 44 0 87 0 1 9 0 0 38 0 89 0 31 39 0 0 0 0 0 33 0 67 44 0 24 56 0 60 0 0 0 0 0 22 0 0 0 0 0 0 55 0 99 0 0 0 0 67 0 42 0 0 32 0 95 0 0 0 0 0 36 43 0 0 95 48 0 0 0 61 34 0 0 48 0 0 64 0 20 0 84 0 7 0 0 7 0 0 0 79 0 0 95 0 0 0 38 0 0 0 29 45 92 0 0 89 79 24 0 96 57 92 0 24 0 0 78 0 11 0 0 0 0 0 0 0 0 0 20 0 62 55 66 0 0 28 0 0 0 46 21 0 89 0 43 68 0 0 0 0 0 0 19 0 0 0 55 81 70 0 0 0 0 0 3 0 0 0 41 0 0 84 0 0 21 75 0 43 0 0 62 0 46 0 0 64 0 46 0 25 0 
17 0 0 0 0 14 0 0 0 93 0 89 0 19 0 15 0 99 0 0 14 0 0 21 22 0 25 0 100 0 0 33 0 0 0 0 0 13 0 0 0 27 0 0 0 0 0 0 4 0 0 0 0 5 0 53 0 69 0 54 0 0 0 7 0 62 0 0 85 0 0 0 0 0 82 0 0 0 0 0 0 0 0 93 73 87 0 0 13 0 0 0 0 0 0 0 64 78 13 0 95 0 0 38 10 0 40 0 0 76 0 67 61 0 0 0 0 18 0 69 0 81 0 0 90 0 69 0 11 53 0 0 21 92 0 0 78 0 15 0 88 0 0 0 0 0 0 0 0 38 0 50 0 0 0 0 8 0 29 65 78 0 15 0 0 38 0 0 0 68 0 0 33 0 0 29 0 0 0 0 0 12 0 87 0 0 0 79 0 0 71 8 96 0 63 87 0 0 0 0 
0 61 0 0 0 0 60 0 0 25 0 0 0 5 0 0 33 0 0 0 0 0 0 0 0 0 51 0 0 0 84 0 84 0 95 0 56 0 0 14 0 96 0 0 0 0 0 0 0 0 0 0 0 0 0 0 0 0 64 0 75 0 0 0 36 75 0 100 0 10 0 92 0 44 0 22 0 0 0 0 0 0 0 93 0 0 0 0 62 0 0 0 0 0 0 0 0 0 0 0 0 0 0 0 70 0 25 75 0 73 0 34 0 82 15 0 0 0 0 0 0 0 0 0 0 0 0 0 26 52 0 0 78 0 66 57 7 0 0 0 74 8 0 47 0 0 0 19 0 0 0 0 0 0 83 7 0 0 0 0 0 15 0 0 33 24 83 0 0 0 0 0 0 0 81 0 48 0 0 0 0 57 0 0 52 0 0 0 0 8 25 0 0 7 0 0 0 0 1 0 
0 0 0 0 0 92 0 0 0 0 64 0 0 0 0 0 0 0 0 0 0 0 0 0 0 65 0 0 0 67 0 2 0 43 32 0 0 0 30 0 53 0 0 73 0 0 61 0 0 40 30 0 27 0 0 0 45 0 6 0 61 0 0 0 0 0 0 37 38 0 0 0 0 0 0 0 0 0 0 0 0 87 0 0 0 0 4 0 0 54 0 0 51 0 0 33 79 0 0 0 0 38 0 0 0 30 0 0 0 0 0 0 34 0 0 0 0 0 7 0 26 0 0 52 0 0 68 0 10 0 0 0 0 0 0 0 98 0 0 0 0 0 0 0 83 0 0 0 0 27 0 23 0 0 0 0 8 0 0 43 75 0 0 0 0 0 78 0 0 80 0 0 0 77 0 38 95 0 0 19 0 0 0 0 77 0 0 24 0 0 20 0 0 0 0 0 0 16 0 0 
47 7 0 21 0 0 0 1 0 80 0 80 17 0 0 0 0 0 84 0 0 18 41 0 0 0 84 0 98 0 0 0 0 19 26 3 0 0 64 0 10 0 6 0 0 47 0 0 0 75 0 18 0 17 95 0 0 43 32 0 0 0 0 0 0 0 0 0 3 0 0 0 42 25 0 48 0 0 0 0 0 0 0 0 79 39 0 15 0 2 26 70 0 0 0 0 91 0 13 0 0 10 70 0 0 0 67 0 0 0 0 0 0 0 0 0 0 44 31 0 0 0 2 0 83 2 8 0 97 0 51 0 77 0 0 71 0 1 25 16 0 0 0 0 6 79 3 0 0 0 34 56 0 0 0 49 0 0 0 0 0 65 7 0 54 0 83 0 0 0 0 0 0 80 38 0 0 39 0 32 0 32 77 0 90 0 30 74 0 0 0 55 100 0 4 26 0 0 56 0 
34 15 0 41 0 87 0 0 0 0 0 0 0 39 2 100 60 0 27 42 27 0 0 63 0 67 0 0 79 11 0 44 0 22 0 0 0 0 0 0 0 0 0 0 0 0 0 0 63 0 0 96 0 98 0 0 0 0 0 0 0 0 92 20 0 85 0 82 94 86 46 0 0 74 0 52 0 12 0 74 0 0 0 0 0 0 27 79 0 0 0 94 0 0 0 0 0 0 15 0 38 0 0 30 0 0 0 0 0 79 0 0 58 0 0 0 0 27 0 0 36 89 0 0 0 0 60 69 0 77 0 0 0 46 52 52 0 0 40 0 0 0 0 0 52 46 76 0 56 5 0 0 23 55 0 95 0 0 22 88 0 27 0 9 0 0 62 95 0 0 0 0 43 0 41 0 0 85 0 5 30 0 0 0 0 0 93 0 0 74 22 0 0 0 0 0 28 0 63 0 
27 0 29 0 61 2 0 0 85 51 99 0 13 0 0 0 0 0 14 0 93 69 98 3 0 0 0 70 0 0 23 0 0 0 0 0 0 59 0 0 0 45 2 0 0 0 0 0 14 0 0 0 22 0 0 100 64 0 3 64 0 0 0 63 85 0 17 13 63 93 38 26 15 40 7 0 14 0 0 13 0 0 0 16 0 0 0 0 0 95 0 0 0 0 0 71 67 60 0 40 0 40 25 0 67 0 0 0 0 55 75 97 0 55 0 0 0 46 42 96 0 0 0 41 0 0 0 0 0 0 34 0 0 0 0 0 1 0 34 0 90 64 0 0 0 0 0 6 0 0 39 0 5 0 0 0 0 0 89 97 25 25 65 0 62 45 0 0 0 24 0 0 0 0 0 0 89 100 0 0 0 31 85 0 48 0 70 12 0 0 0 89 0 0 0 0 0 11 0 33 
0 0 0 17 0 0 0 68 96 94 0 0 0 0 0 0 37 0 58 72 0 97 0 0 0 0 0 91 0 0 0 0 17 0 75 0 0 0 0 8 0 0 0 0 0 0 63 0 0 18 34 80 0 81 0 31 31 0 74 0 0 0 0 0 0 0 20 45 98 19 0 75 84 0 0 8 0 60 68 0 0 0 82 0 0 0 0 0 0 22 54 0 0 0 12 0 0 0 0 0 0 0 75 0 0 0 0 0 74 0 76 63 0 0 0 0 45 0 0 0 0 0 0 54 0 94 5 69 0 82 78 0 0 0 0 0 0 0 40 0 95 0 0 0 0 0 0 0 0 0 0 53 0 0 0 0 0 0 0 0 0 87 0 0 27 0 0 0 23 99 73 1 0 0 0 0 0 0 0 0 0 0 0 0 0 0 0 0 0 44 0 38 50 0 0 24 16 99 96 0 
0 16 0 0 0 74 72 65 0 14 26 0 95 0 61 0 88 22 0 0 0 17 0 0 0 79 0 0 56 56 66 0 0 69 0 82 24 0 72 91 81 0 0 0 0 0 0 0 0 0 0 0 0 0 0 49 93 78 0 95 0 48 83 43 0 55 0 0 0 0 0 0 7 0 0 44 0 0 0 66 0 0 0 0 0 0 58 0 0 0 0 0 0 97 65 79 0 0 0 38 0 0 0 0 0 0 0 74 0 0 0 0 11 0 0 0 5 24 0 0 0 0 0 0 0 0 0 0 0 0 16 0 0 0 0 0 0 60 60 0 0 0 34 49 0 78 0 0 22 0 0 63 0 0 0 76 59 0 61 0 0 0 0 0 0 17 100 0 0 0 77 0 62 0 0 0 0 0 0 0 49 0 0 0 96 0 24 23 38 0 17 0 0 0 0 0 0 10 0 41 
0 0 83 74 0 0 0 0 50 0 0 0 57 0 0 0 0 6 0 0 0 0 44 0 0 31 0 72 0 93 0 89 6 0 0 0 50 11 0 40 88 0 0 0 0 44 0 0 32 0 16 78 0 96 0 0 0 0 91 61 0 0 0 0 92 0 0 10 4 9 0 0 0 0 0 0 0 0 0 5 0 0 0 0 0 0 0 0 0 84 79 0 0 27 0 66 95 0 0 91 29 76 73 0 0 79 55 0 0 0 99 0 0 0 15 0 0 72 11 94 0 0 0 50 0 0 0 0 0 0 0 0 0 0 0 0 32 38 71 0 0 0 0 25 0 0 0 0 88 0 0 0 0 0 0 21 0 44 0 0 0 18 0 91 0 0 0 0 26 0 0 0 12 0 0 0 0 46 0 0 0 0 0 0 23 0 27 35 0 0 96 0 26 0 0 0 98 0 72 34 
0 0 0 0 0 0 0 100 0 0 8 66 0 0 0 8 0 0 0 0 38 88 0 0 0 0 75 0 0 0 0 0 0 0 15 0 0 0 0 0 0 0 0 40 0 0 0 0 0 0 30 0 0 0 0 0 0 0 0 0 0 72 0 0 0 0 0 0 0 0 0 27 0 88 0 0 17 0 0 75 44 0 0 0 46 0 0 0 0 0 0 82 79 0 0 0 29 0 0 85 45 0 0 0 0 0 75 76 0 99 0 22 0 0 0 1 68 22 61 63 0 93 37 75 53 0 0 59 70 0 0 0 16 48 0 0 0 0 0 0 44 0 71 0 68 0 0 0 0 55 46 0 18 0 0 0 0 20 0 0 0 25 0 0 0 31 0 0 0 29 0 0 74 0 30 90 0 52 0 95 70 0 0 0 15 0 29 0 0 0 0 41 23 0 0 0 5 0 0 61 
0 0 0 0 0 68 0 0 0 0 0 0 16 68 0 0 0 0 0 0 0 59 0 0 0 0 69 0 0 0 0 0 0 81 0 99 100 0 0 0 84 80 0 0 19 0 0 16 0 0 0 8 0 0 94 78 0 67 23 10 55 0 0 0 72 35 0 0 0 0 35 34 0 17 0 0 0 72 0 0 10 0 12 0 0 0 0 0 33 0 0 0 0 0 0 0 0 0 0 0 92 67 34 0 0 0 97 63 0 0 22 0 0 52 93 32 8 0 64 34 0 0 0 0 0 0 100 0 0 46 99 0 53 21 0 0 90 0 66 0 0 0 0 0 0 0 18 54 0 0 0 0 0 0 0 0 0 0 0 40 36 0 0 0 0 0 38 97 0 61 0 62 0 0 0 0 0 67 0 0 0 0 0 0 0 0 45 0 0 45 70 0 0 0 0 0 95 0 29 39 
0 71 0 0 0 0 0 0 0 4 67 3 0 0 85 8 0 0 0 0 0 0 34 2 0 39 0 39 0 95 0 0 0 0 66 22 0 0 0 20 88 0 0 45 0 0 0 0 0 0 65 23 0 25 0 78 75 0 0 95 0 0 44 0 0 52 0 0 0 41 0 23 0 0 0 0 0 0 16 0 23 0 26 0 46 0 0 0 0 0 0 0 69 0 0 0 32 65 33 0 0 61 0 34 0 58 0 0 11 0 0 0 0 0 0 47 18 93 90 0 0 0 0 0 0 60 79 0 28 65 0 0 0 0 52 66 0 40 63 0 0 26 0 0 0 94 0 25 0 16 72 92 0 0 56 6 0 0 0 0 0 0 14 0 82 0 0 0 0 90 89 0 65 48 1 17 69 44 0 0 0 26 51 0 0 0 0 0 0 0 18 0 0 0 0 0 0 0 26 14 
0 0 8 0 0 0 37 73 0 0 0 0 0 0 0 0 12 69 53 0 0 0 0 58 32 0 0 0 4 0 0 0 0 0 0 0 20 0 0 0 67 40 0 0 0 0 94 91 0 75 0 0 0 0 18 0 0 100 0 0 49 0 86 0 0 0 0 0 21 64 0 0 87 0 0 18 0 68 0 0 95 0 0 59 8 16 0 66 0 0 0 45 0 0 0 0 0 0 0 0 0 0 82 0 0 0 55 0 0 0 0 52 0 0 0 0 0 0 12 81 98 0 0 60 51 30 49 0 0 0 0 69 15 0 61 36 0 0 79 0 84 8 56 40 27 0 0 50 0 0 0 0 38 0 45 0 0 0 0 0 0 0 0 0 0 79 58 0 0 0 34 0 98 0 13 0 86 48 0 0 0 0 0 0 0 47 0 0 32 0 0 14 52 0 0 0 18 0 0 0 
51 0 10 0 0 0 52 0 0 0 0 0 48 34 0 0 0 12 0 96 0 0 0 0 0 0 0 0 46 0 0 88 0 0 0 0 0 69 3 0 1 0 0 0 0 48 0 0 87 0 0 18 0 0 0 0 58 0 47 54 0 0 0 0 0 0 0 0 80 0 0 62 52 0 0 0 0 0 0 0 29 0 0 0 0 26 96 28 55 0 0 0 0 47 71 0 0 37 29 0 89 0 15 0 0 0 0 0 0 15 0 93 0 0 0 0 84 32 0 71 0 0 0 18 0 0 0 53 37 52 83 0 0 1 52 90 82 0 0 0 0 0 29 17 0 0 51 19 99 0 77 0 0 0 0 93 0 0 22 0 0 49 0 36 0 0 0 92 0 0 0 0 0 47 41 0 14 0 0 0 20 0 0 73 0 38 62 0 0 4 76 0 0 88 0 25 0 41 0 83 
0 0 16 0 0 0 3 81 0 0 63 0 26 0 0 0 0 0 0 0 92 0 72 0 70 0 0 48 0 0 0 0 0 9 85 44 0 70 73 0 0 0 0 43 1 0 0 0 0 30 0 0 0 0 0 0 77 0 74 0 0 14 0 0 0 80 0 62 85 0 0 37 0 0 0 57 0 75 0 0 0 0 71 99 0 67 48 0 0 99 0 16 39 89 0 0 0 0 0 0 79 0 0 0 0 0 0 0 0 0 1 32 47 0 0 0 0 0 46 0 12 0 0 0 0 18 0 0 0 0 66 76 0 74 0 0 0 0 0 80 11 0 18 0 0 83 95 0 80 0 0 0 0 0 0 0 60 0 0 64 0 22 0 0 62 0 0 0 20 0 0 0 0 26 0 14 66 59 34 0 0 74 0 0 0 3 99 0 69 0 0 0 0 0 0 0 35 0 0 0 
0 78 40 0 0 0 0 0 0 0 0 86 0 0 3 0 0 0 0 0 71 0 0 6 46 9 0 0 53 94 0 0 0 14 0 82 0 99 0 0 0 0 19 0 0 0 49 0 0 0 0 14 0 0 0 39 34 0 0 0 0 0 0 0 50 0 0 0 0 0 0 10 0 0 96 98 0 0 0 0 0 0 0 0 75 0 36 0 0 83 0 35 0 0 0 13 0 0 0 0 24 0 0 0 0 0 0 45 5 0 68 8 18 0 84 0 0 0 0 0 0 0 0 0 70 0 0 0 59 93 0 0 55 0 51 0 0 0 20 60 0 0 0 19 53 0 27 36 0 0 0 0 0 0 0 0 5 0 14 0 78 0 88 76 49 30 0 0 0 34 0 26 0 0 96 28 0 0 0 0 44 9 0 85 99 0 0 11 0 0 0 0 0 62 0 0 29 67 0 0 
0 0 0 0 0 45 76 0 0 79 0 0 0 0 76 8 55 0 26 0 0 0 0 0 0 0 20 0 41 51 0 0 0 0 0 0 0 30 58 71 57 0 0 0 37 0 83 1 31 66 0 0 0 91 66 70 0 0 0 37 0 0 0 0 38 0 92 54 0 1 0 86 0 0 94 0 68 95 18 40 0 0 88 11 63 0 0 0 0 0 0 0 68 0 99 0 0 0 0 0 0 18 0 0 44 27 46 0 24 72 22 0 93 0 32 0 0 0 0 78 0 81 0 0 0 26 0 19 0 0 0 0 40 63 0 54 0 0 0 0 0 0 0 41 35 0 0 0 0 0 0 0 0 55 0 0 0 0 0 0 91 0 83 0 0 42 46 57 88 8 5 15 0 0 0 54 26 32 77 0 4 0 93 0 100 0 0 0 13 0 0 0 0 0 0 97 0 66 83 0 
1 0 0 0 67 0 2 0 0 0 0 33 0 39 91 0 0 0 0 17 0 0 0 0 0 0 0 11 0 36 0 74 0 33 7 0 0 0 0 0 42 0 0 0 0 0 0 0 68 23 0 0 95 0 52 0 0 0 52 0 47 16 42 0 0 0 0 15 90 0 18 0 31 0 0 0 95 0 0 0 0 39 0 9 25 0 51 56 0 0 0 0 0 0 60 0 0 49 0 60 96 0 0 7 31 0 42 0 0 11 61 64 90 12 0 46 0 0 0 0 0 0 0 0 0 0 94 6 30 0 0 73 0 0 0 12 0 0 59 92 44 0 0 0 0 0 0 0 0 86 0 7 0 0 0 0 0 25 67 4 17 40 0 28 0 0 0 15 0 0 0 0 0 0 62 0 0 0 0 0 0 80 0 0 5 0 0 0 22 29 0 0 0 0 9 0 0 0 0 0 
0 0 0 0 0 0 0 91 0 91 0 0 77 0 17 96 0 0 0 0 0 0 0 2 0 0 0 0 0 0 0 0 0 2 63 0 99 0 0 60 0 22 42 0 92 0 0 4 88 0 0 0 0 0 58 0 57 0 0 0 0 0 81 0 0 0 55 100 0 0 0 0 38 0 0 0 0 0 67 0 0 0 0 0 99 20 0 40 0 0 0 0 33 0 92 29 93 0 0 0 57 69 0 0 0 0 96 0 0 94 63 34 0 81 71 0 0 78 0 0 0 3 0 0 0 0 0 0 0 0 0 56 0 0 0 0 0 37 56 0 0 0 0 0 44 84 12 0 0 0 0 0 0 93 92 0 0 33 0 0 0 33 0 0 0 24 63 56 17 0 0 0 100 89 0 6 0 94 0 7 0 0 0 0 0 45 0 0 0 0 0 0 0 0 0 0 0 0 0 0 
0 70 39 32 0 65 0 62 43 79 0 0 0 0 0 13 0 0 0 0 76 0 0 0 0 70 94 0 27 0 0 23 0 0 0 0 0 0 67 0 79 0 0 0 0 17 0 0 0 80 0 0 0 62 0 0 0 0 9 25 53 0 0 0 0 97 0 0 0 0 0 0 91 0 0 0 0 0 0 40 0 0 0 54 0 26 0 0 78 70 0 28 0 87 0 0 0 0 0 44 92 0 0 26 0 36 0 0 0 0 0 0 0 98 0 12 0 0 0 0 0 0 0 6 0 0 45 22 0 0 0 0 0 0 33 0 24 0 72 60 0 67 51 0 80 0 1 3 47 0 0 0 83 0 92 0 0 0 99 0 0 0 49 0 43 0 0 28 0 82 49 0 0 0 0 79 6 0 0 0 0 0 94 0 0 0 26 33 79 0 22 70 0 0 0 96 0 0 0 0 
72 4 0 0 61 0 0 0 0 0 0 0 82 61 0 0 0 49 0 0 6 0 77 55 0 0 0 8 46 0 43 0 0 0 0 91 0 0 0 0 0 14 60 0 0 15 0 0 0 0 5 86 0 3 0 67 0 0 78 52 0 0 86 26 0 0 90 0 0 0 63 77 53 0 54 0 83 0 0 0 0 0 49 11 0 45 13 91 0 0 4 0 0 31 0 0 30 0 24 0 0 81 0 0 0 89 0 0 0 0 93 0 0 0 0 0 0 81 0 3 0 0 0 0 28 0 0 0 0 22 37 0 55 0 0 0 0 0 50 7 0 0 0 0 100 0 0 0 0 71 0 85 0 0 0 0 0 0 0 0 2 0 19 0 0 0 0 72 0 0 0 0 0 0 0 0 0 0 0 0 0 0 23 0 89 49 21 0 58 0 0 0 0 0 0 0 0 0 46 0 
0 0 0 52 0 0 66 0 45 6 0 0 0 39 0 0 52 7 0 30 0 0 0 63 0 0 0 0 0 12 0 0 0 0 45 0 0 0 53 19 30 29 0 47 83 0 0 0 0 0 0 0 0 0 48 83 0 0 0 78 0 0 42 0 77 0 12 3 0 0 0 0 0 0 0 20 0 0 97 0 37 44 66 0 0 0 0 0 74 92 0 0 2 0 11 0 98 0 77 0 24 0 0 0 2 0 0 0 0 0 37 0 0 0 0 0 0 0 0 0 0 0 0 0 0 0 8 0 0 0 0 0 13 0 64 3 55 0 47 0 0 93 0 0 8 0 0 0 0 46 0 0 0 0 74 0 8 44 58 72 0 0 48 0 0 0 2 0 0 40 0 0 0 0 0 50 0 0 65 0 0 99 0 0 0 62 97 83 0 0 93 0 40 0 0 0 0 0 0 0 
66 0 0 0 0 81 0 24 87 0 13 48 42 0 24 0 53 58 0 0 52 0 49 0 26 0 87 0 0 56 0 0 0 0 0 0 0 0 27 0 61 0 81 0 0 0 0 0 0 34 0 0 0 0 0 4 0 81 0 77 46 32 0 0 0 5 0 0 0 0 0 0 0 0 0 0 0 0 7 0 0 0 0 86 0 0 56 0 17 88 39 27 0 0 0 48 0 87 0 0 0 0 0 52 0 0 41 54 0 50 75 0 0 60 18 0 0 0 0 0 6 0 0 0 16 0 89 0 61 0 15 0 0 54 87 0 0 0 0 0 0 68 0 0 62 0 0 0 0 0 0 23 0 49 0 28 0 0 0 46 0 0 0 0 0 0 0 43 5 0 0 0 0 0 0 48 0 0 0 0 31 0 0 0 0 3 50 72 0 35 0 0 0 0 0 0 19 0 0 0 
0 18 0 0 12 0 0 62 14 30 0 24 37 0 50 0 0 0 0 0 58 0 0 0 0 0 0 50 0 100 71 64 0 10 0 41 6 0 0 0 93 0 53 0 0 0 0 0 0 30 0 90 27 0 0 85 0 43 0 0 55 0 67 0 0 0 0 0 0 0 0 0 0 0 74 89 0 96 0 0 0 0 0 0 0 0 0 0 0 17 0 0 0 0 76 0 0 0 0 0 0 90 0 0 83 0 0 0 0 0 53 0 0 51 0 0 70 0 0 0 0 28 0 16 0 0 0 0 24 89 13 0 0 32 0 0 3 0 0 0 25 0 0 0 0 28 0 12 0 0 34 92 0 81 0 0 0 0 0 91 2 50 16 0 0 0 0 80 0 43 0 21 77 0 86 0 0 0 36 14 0 34 0 37 0 0 0 0 45 0 0 0 0 0 0 23 0 100 21 83 
60 0 0 0 0 99 0 0 0 0 0 0 0 96 0 41 0 0 0 0 7 0 0 0 0 0 0 0 0 0 0 0 0 7 0 0 0 0 0 85 0 41 42 0 0 60 0 0 0 0 0 0 0 0 0 0 51 99 0 63 0 25 0 0 0 0 50 0 0 0 0 0 0 48 53 41 40 0 0 99 0 0 0 0 0 95 39 0 0 0 0 0 0 65 0 89 0 0 34 24 78 0 0 0 2 0 0 94 0 0 0 0 60 30 0 18 0 26 0 0 0 0 0 0 0 0 66 0 0 0 0 0 0 0 0 0 0 0 84 19 0 41 0 0 0 0 0 0 0 0 0 0 0 0 0 88 0 0 40 85 35 46 0 73 0 0 0 0 0 52 88 0 0 0 0 0 88 0 79 0 0 0 0 0 0 47 0 0 0 0 0 17 0 0 68 54 0 0 0 52 
0 0 0 25 43 0 0 0 0 0 69 23 33 57 0 0 0 69 0 0 0 0 29 0 0 0 18 63 0 0 0 0 89 0 0 0 0 40 93 0 0 87 0 23 0 61 0 46 0 0 0 22 31 15 0 92 0 0 0 0 0 0 49 16 0 52 0 87 0 40 0 0 0 0 0 47 0 95 52 91 0 19 0 0 0 0 42 0 56 44 49 65 83 0 0 8 0 21 0 7 0 69 0 68 8 60 0 5 0 0 0 100 79 49 0 0 0 0 94 0 45 0 8 89 0 66 0 22 97 0 33 0 0 0 24 0 0 79 0 30 0 13 0 0 37 0 97 0 0 0 58 0 0 33 0 60 0 0 81 0 0 89 29 0 23 0 0 0 0 91 0 34 28 0 82 0 0 0 18 83 0 0 0 85 0 0 60 0 34 23 30 31 0 79 0 53 0 0 19 0 
89 0 0 0 0 40 0 0 2 0 0 5 0 0 0 73 0 0 0 0 0 0 0 0 3 0 0 0 0 78 37 73 9 0 31 2 0 33 0 0 0 0 16 0 0 0 34 0 61 86 0 0 0 0 20 0 0 73 0 0 60 55 0 0 0 0 0 0 0 25 87 3 0 0 0 0 46 39 0 69 0 0 0 74 1 0 0 0 0 0 0 0 0 0 70 0 53 87 0 0 11 0 0 0 0 69 0 69 0 0 59 0 0 0 53 0 0 19 6 0 22 0 0 0 0 0 22 0 0 67 0 0 37 0 0 72 3 33 7 0 38 0 30 0 0 0 9 0 0 28 57 0 0 0 0 0 31 0 28 43 0 23 0 0 98 10 0 0 47 0 0 0 0 0 0 0 0 82 0 0 0 70 0 0 0 67 34 0 0 0 86 0 0 0 50 0 7 55 0 98 
0 0 10 0 79 0 47 0 4 79 0 47 36 0 54 0 0 0 72 0 46 0 28 45 0 99 0 0 42 0 0 0 0 0 0 0 0 0 0 0 18 92 0 0 0 0 20 0 0 59 44 0 0 35 0 36 7 0 0 87 91 0 0 0 0 59 43 0 6 61 0 84 100 0 0 99 88 0 0 0 0 0 0 0 0 0 0 0 0 0 0 0 29 0 0 0 0 22 0 60 0 11 26 10 97 0 0 0 0 0 70 0 28 0 37 0 59 0 30 0 0 0 0 61 24 0 97 0 0 0 41 4 71 0 0 6 92 0 36 0 0 0 0 0 0 0 98 3 0 68 61 43 0 0 79 0 61 0 61 92 0 0 18 50 0 0 0 0 0 19 0 0 78 16 0 57 93 0 0 99 94 0 0 1 0 0 56 96 0 0 0 0 94 0 0 0 0 0 0 0 
0 18 0 0 15 63 0 0 0 0 0 0 0 0 98 42 70 46 23 78 0 0 40 0 59 0 0 0 0 0 0 0 51 23 17 0 0 0 0 14 15 23 73 0 74 0 0 0 22 54 0 0 0 0 0 0 45 0 0 0 0 0 0 0 0 89 0 91 0 0 60 49 0 0 0 0 0 0 0 0 0 40 6 0 0 0 0 0 0 0 0 0 82 0 21 0 0 0 0 0 0 53 52 0 0 77 0 82 0 0 0 46 65 0 52 0 93 0 0 0 0 22 0 0 89 0 0 67 0 0 49 64 0 32 53 0 0 0 0 32 6 0 0 0 57 0 92 85 0 0 100 46 62 54 43 0 0 0 0 0 8 0 98 62 0 0 0 0 1 0 70 66 0 0 0 0 0 72 64 0 0 0 0 0 0 0 87 49 0 0 0 0 0 0 0 0 0 0 0 0 
11 4 0 0 0 0 0 15 0 0 63 0 81 96 0 0 27 0 0 0 0 0 0 0 0 0 0 0 1 0 0 0 0 0 0 16 0 36 0 0 0 0 0 0 0 0 0 0 0 0 72 0 0 0 0 0 13 0 0 46 0 47 0 0 0 0 33 99 2 0 0 0 16 0 0 0 0 42 0 0 0 54 0 0 39 0 13 2 12 93 55 0 0 0 39 0 44 0 0 0 0 0 0 0 51 0 34 78 16 0 0 99 0 0 83 66 0 0 0 0 0 37 0 15 13 0 33 0 41 49 0 93 0 0 73 0 0 92 0 46 87 0 67 0 0 0 0 80 0 0 0 0 0 0 0 0 0 0 0 0 0 0 0 0 3 0 0 0 80 0 0 0 0 0 9 0 0 0 83 0 63 73 0 25 0 0 63 0 81 0 0 0 0 0 0 0 67 0 0 78 
38 0 0 0 32 0 0 64 0 74 0 0 0 43 19 0 63 0 0 0 0 0 0 0 0 0 77 31 0 0 0 0 0 0 0 0 27 0 0 0 85 31 23 0 58 0 72 0 57 0 0 0 17 0 0 0 0 0 78 0 0 0 0 89 0 0 0 0 0 72 0 0 0 0 0 61 0 42 0 6 89 0 0 0 18 0 0 0 0 0 0 0 0 0 0 0 0 0 0 98 0 0 0 0 0 0 0 0 0 0 0 0 0 69 0 76 0 0 73 56 0 0 0 0 0 0 0 0 4 64 93 0 90 0 40 39 16 0 0 14 43 0 0 0 0 0 0 0 58 45 0 0 89 0 0 0 0 0 0 0 39 0 82 0 0 22 0 0 0 0 12 26 0 44 0 0 29 0 0 0 0 0 0 12 0 0 0 0 0 0 32 61 0 0 0 2 0 0 8 0 
0 0 0 0 0 0 30 0 0 0 0 0 43 0 0 36 76 0 0 0 0 0 0 0 0 36 77 0 22 0 62 0 0 0 98 62 86 0 0 97 0 0 0 0 0 0 0 81 0 0 0 0 0 0 84 0 0 0 0 0 93 0 0 0 0 0 0 0 22 47 0 38 3 0 0 0 0 33 0 0 0 0 50 18 0 0 0 36 72 0 0 0 0 0 0 29 0 0 0 31 0 21 78 0 77 0 0 0 0 0 16 53 0 15 0 0 55 40 0 0 0 55 13 0 0 0 0 37 71 0 0 90 0 0 0 69 43 90 0 0 0 0 0 87 0 50 88 32 0 0 0 0 0 0 71 0 32 72 96 0 0 68 24 0 0 87 0 0 0 88 1 0 0 56 91 8 74 67 0 0 0 0 58 0 83 0 0 10 0 65 0 0 0 0 0 0 0 0 0 0 
0 97 0 0 97 0 0 0 68 49 23 0 0 78 0 0 0 0 0 0 0 0 0 0 0 0 0 0 0 0 65 0 70 0 0 0 0 0 0 15 0 0 0 0 0 15 0 0 0 0 0 0 62 85 0 0 0 32 60 0 0 0 0 93 0 34 0 0 0 0 0 0 0 33 9 0 0 79 0 0 0 10 0 20 0 0 0 0 0 0 2 0 0 0 0 77 0 0 67 0 0 92 0 0 0 46 0 0 0 0 48 21 0 0 1 74 0 63 0 0 0 0 0 54 32 0 0 0 0 32 0 0 0 0 47 0 0 49 0 0 0 52 87 0 43 0 0 19 0 0 49 0 0 74 31 0 0 0 0 9 74 73 0 22 0 0 0 80 0 0 0 78 59 0 0 0 86 88 0 42 46 0 0 0 0 0 16 0 0 0 0 53 21 0 0 54 0 51 35 94 
75 0 0 0 0 43 0 0 83 0 0 17 0 0 0 0 0 0 36 0 97 0 0 0 0 0 51 67 0 0 42 0 24 0 0 0 0 0 7 0 19 0 0 45 59 0 0 0 100 0 0 0 0 0 0 0 0 63 0 9 87 0 0 72 0 95 79 0 0 47 0 3 0 0 3 47 0 0 0 0 0 0 0 0 0 76 31 0 0 0 0 0 0 89 0 0 0 0 0 0 0 0 66 0 0 52 0 0 0 0 0 0 52 61 52 0 51 0 0 0 33 0 64 87 0 0 24 0 0 53 73 40 0 47 0 6 83 0 0 89 89 0 0 30 0 7 46 0 65 0 90 81 0 0 0 0 0 0 30 0 0 24 0 0 0 0 0 0 0 8 23 0 0 94 0 0 0 1 0 0 28 56 0 0 0 0 0 1 0 0 43 0 0 6 0 1 29 0 0 49 
23 57 15 11 0 0 0 55 0 0 0 0 0 43 0 0 0 0 0 27 0 74 0 0 60 51 0 23 0 0 86 0 64 0 0 0 0 0 0 33 0 0 55 17 3 0 0 0 0 82 15 50 0 0 0 0 0 1 90 0 92 0 70 28 0 0 0 0 0 52 0 0 0 3 0 0 27 85 0 0 0 0 95 0 0 75 0 0 0 0 0 61 8 0 0 58 81 57 0 0 0 0 57 0 71 52 0 0 0 0 0 0 66 36 90 0 0 54 12 0 0 0 3 0 0 0 0 72 6 0 0 39 69 0 6 0 0 0 0 0 0 45 33 0 0 0 0 0 0 0 0 0 76 0 38 0 0 0 73 0 0 82 0 0 0 33 0 0 65 0 0 51 0 0 0 0 0 0 0 0 92 0 87 0 47 0 0 0 0 1 0 0 0 0 0 0 0 0 0 0 
62 0 83 0 0 0 19 0 18 0 47 0 0 0 0 0 0 22 44 80 70 0 0 0 0 0 0 0 0 71 0 63 0 0 77 0 0 0 74 0 0 63 0 0 85 67 0 16 0 18 0 0 2 95 0 0 0 0 0 0 0 0 63 41 0 0 0 91 0 35 19 0 0 0 0 0 0 73 14 0 0 0 0 0 0 0 47 0 9 0 0 0 0 0 57 0 0 0 63 0 0 78 7 98 0 0 1 0 0 32 0 90 0 0 82 0 0 0 0 0 24 0 55 0 3 0 0 3 92 0 0 16 43 0 83 0 0 0 0 0 95 15 8 0 86 5 0 34 23 0 0 0 17 0 0 87 0 0 76 48 96 97 47 0 0 0 41 0 0 0 0 0 0 0 16 0 14 39 0 14 0 0 0 0 24 79 0 22 0 0 0 0 75 0 0 0 83 0 0 0 
0 0 54 0 0 0 0 0 30 58 4 0 0 19 0 81 0 0 10 58 0 59 0 0 0 24 0 0 0 0 9 0 49 0 92 96 0 0 0 0 0 60 0 30 16 0 68 0 12 0 0 27 1 0 0 0 49 29 51 0 11 0 0 64 1 11 0 0 38 78 0 0 20 0 0 0 0 0 95 9 0 81 0 0 0 0 0 0 37 0 0 0 0 0 0 8 0 53 27 0 20 0 0 0 1 0 0 0 60 38 0 0 40 0 0 0 0 0 0 37 0 0 0 0 0 0 79 33 0 0 92 0 90 49 0 0 0 0 1 0 0 29 0 0 0 0 0 0 0 0 0 0 0 0 95 0 0 0 0 0 98 46 0 71 0 0 0 0 70 81 0 0 0 65 0 0 0 0 0 0 0 96 22 0 0 0 0 76 0 0 79 12 67 0 21 0 52 0 0 73 
0 29 81 0 0 26 58 0 0 6 22 0 0 0 0 36 13 2 0 0 54 0 35 0 89 99 6 0 0 47 0 0 0 0 0 0 52 0 0 0 0 0 0 0 99 0 0 72 61 46 0 14 0 82 62 0 0 0 0 90 0 60 0 0 0 12 0 5 0 50 0 81 0 0 71 0 0 0 98 78 15 33 0 79 0 0 0 0 0 0 31 0 0 0 0 0 94 27 0 0 0 15 0 0 25 40 34 40 60 71 0 66 63 79 0 0 20 0 59 56 72 50 47 0 0 84 0 7 36 0 0 0 0 0 0 0 0 1 0 0 0 83 48 0 0 0 0 75 0 0 0 0 0 0 45 0 0 0 22 0 36 0 0 22 0 0 0 0 27 49 46 0 0 49 81 84 0 15 28 0 81 0 86 53 0 48 0 0 0 0 73 93 0 0 21 0 0 0 0 19 
76 0 0 26 0 0 23 0 0 0 0 0 0 0 0 0 11 0 98 0 0 0 0 0 46 0 0 0 0 0 0 88 53 12 0 9 0 0 0 0 0 0 0 0 82 25 0 0 0 93 0 0 0 0 0 0 0 47 15 0 0 0 0 0 61 0 0 0 0 55 0 0 69 0 0 76 0 0 49 41 0 19 0 0 0 78 0 38 0 0 0 0 0 0 0 0 0 0 86 0 62 0 0 0 16 0 0 0 0 0 0 0 0 0 0 80 60 0 92 0 60 7 0 0 0 19 30 0 0 32 46 14 0 0 89 0 0 0 0 0 0 31 0 0 0 0 0 0 0 0 67 0 0 0 27 14 0 0 0 0 79 0 0 85 0 0 0 43 0 0 0 0 0 0 0 47 0 56 0 0 95 96 35 0 0 45 0 87 0 87 0 0 79 0 29 0 94 0 0 56 
55 0 0 0 0 0 0 0 34 0 58 0 0 0 28 19 0 46 0 0 0 55 0 0 0 57 0 0 12 0 0 0 0 84 0 0 0 0 0 0 93 0 0 0 0 0 0 32 0 87 0 0 0 17 0 0 76 0 0 0 0 0 0 0 52 0 0 0 0 0 0 0 0 0 0 0 0 0 0 92 0 0 0 0 0 0 0 46 76 86 0 0 78 14 0 27 68 0 0 0 55 88 74 0 0 0 90 95 0 0 44 0 0 84 0 11 0 0 44 0 0 0 0 0 25 0 0 38 0 6 87 43 0 0 89 0 95 0 0 0 0 0 0 0 0 0 0 0 17 23 26 79 0 0 0 0 74 0 19 0 11 29 0 0 66 0 0 0 26 0 0 16 0 0 0 94 58 69 0 0 0 56 0 0 0 0 0 0 0 0 5 0 100 14 0 0 29 62 83 0 
0 74 13 0 0 0 0 8 0 0 72 36 0 0 87 0 13 0 0 0 0 0 41 66 97 0 0 0 0 89 85 98 0 0 0 15 0 0 59 13 99 0 44 0 0 0 0 0 3 36 0 0 96 67 51 0 0 0 0 0 0 0 67 0 5 0 66 0 59 0 0 0 0 0 0 0 21 9 65 0 0 96 0 69 55 83 0 7 0 32 0 0 0 25 60 0 0 0 0 64 66 0 8 0 0 0 64 0 0 0 0 0 26 8 0 0 0 0 0 0 67 0 93 68 0 41 13 0 0 0 0 0 0 52 0 45 15 29 83 31 0 0 0 0 0 0 0 38 0 0 0 0 0 8 0 0 0 0 0 0 23 60 0 77 0 0 86 0 65 42 0 5 0 0 81 0 0 0 0 78 33 23 27 0 0 0 0 0 0 0 0 80 32 0 0 0 0 68 58 0 
0 0 0 0 0 0 0 64 0 93 0 15 0 0 0 0 54 0 0 0 0 0 0 0 0 79 0 0 0 0 0 0 0 0 27 0 0 32 0 0 0 0 88 0 0 66 0 83 0 0 0 0 0 0 92 0 0 87 43 0 0 0 66 0 0 0 60 0 0 0 0 7 0 0 0 98 38 0 0 38 0 0 0 0 0 11 0 0 0 0 0 0 70 0 81 0 39 0 0 0 0 0 0 0 0 0 0 0 34 0 71 0 0 56 29 18 0 0 0 0 51 0 0 0 0 0 0 30 0 0 67 0 0 87 0 33 8 0 48 0 0 0 0 0 87 0 0 53 0 0 100 59 3 0 0 0 41 0 0 99 32 18 0 0 12 0 0 0 43 61 0 0 0 0 88 77 0 0 0 0 0 94 0 0 86 0 0 0 65 31 0 0 0 0 0 0 0 0 0 0 
47 0 0 40 0 25 0 0 0 0 0 0 0 0 0 0 85 0 0 13 47 0 0 0 0 94 63 0 17 0 0 0 0 88 0 75 81 36 0 0 0 0 36 7 85 21 0 0 0 0 68 0 0 0 65 0 32 0 0 0 17 93 0 0 0 0 0 100 0 0 0 0 0 74 0 0 0 0 42 31 0 0 0 66 0 0 0 0 28 92 56 0 0 0 0 0 0 0 0 0 0 0 47 0 0 0 0 0 49 25 0 0 0 40 17 0 19 41 0 0 0 0 0 0 0 0 0 0 0 0 0 0 87 0 30 0 0 0 0 0 0 0 0 0 94 79 0 0 0 4 0 0 42 91 47 19 27 0 0 0 61 0 0 28 0 44 59 0 8 0 0 0 0 0 0 0 0 15 0 0 35 0 0 100 0 0 0 0 75 99 11 0 73 0 0 0 0 77 0 21 
0 0 76 0 0 83 78 0 0 53 0 45 0 0 4 67 28 0 8 0 0 0 0 0 0 29 51 61 98 0 0 52 10 70 0 25 0 0 0 0 11 72 31 61 0 0 0 0 42 0 0 44 84 0 0 44 0 6 11 0 57 0 8 0 16 11 0 23 0 41 21 85 0 0 0 0 0 74 0 0 0 0 0 0 49 0 0 0 0 20 96 0 0 81 0 86 96 0 91 0 28 0 0 83 6 52 0 0 0 0 68 0 0 27 0 0 53 35 0 44 80 100 8 62 0 0 37 0 0 57 0 0 0 43 0 0 86 0 0 0 0 0 87 94 0 0 38 0 0 0 0 0 0 0 0 0 27 0 0 5 100 0 0 0 36 3 0 45 0 32 0 0 69 42 72 0 0 0 0 0 0 0 43 0 67 76 0 0 36 0 87 92 3 0 0 34 12 75 0 0 
0 20 0 0 0 0 0 0 0 96 0 0 0 0 0 0 0 99 22 47 0 0 0 0 0 15 0 0 0 77 0 0 0 0 30 0 0 0 0 66 0 0 0 0 0 0 0 55 0 48 0 0 0 0 40 0 0 52 64 0 0 0 55 0 20 0 0 0 0 80 94 0 0 0 50 0 51 0 0 0 40 0 0 0 0 0 67 0 0 0 0 0 0 0 0 51 0 50 0 24 0 0 0 0 79 46 0 0 78 0 0 0 94 0 0 83 0 0 0 84 0 0 0 0 28 0 0 0 0 0 0 0 50 0 7 0 5 0 0 0 0 0 0 79 0 0 0 25 0 0 0 0 0 52 0 0 0 0 41 0 0 0 89 0 0 0 0 0 0 66 0 45 0 39 0 68 0 0 0 20 0 0 0 91 91 0 0 0 26 33 28 62 0 0 26 0 52 44 25 0 
0 0 0 0 0 0 75 0 0 0 0 0 0 0 0 15 0 0 0 60 0 73 0 28 0 0 0 0 0 0 77 83 0 49 94 0 70 93 0 0 0 0 0 0 45 0 0 0 0 0 0 88 0 32 0 80 0 0 0 0 0 0 0 0 0 0 77 61 15 4 87 83 0 0 10 0 0 0 39 0 0 0 0 0 0 0 34 0 0 0 0 0 24 0 0 81 0 0 0 6 0 0 0 0 3 76 0 0 0 0 0 18 0 0 51 95 27 0 0 12 1 0 0 0 0 0 97 9 98 92 0 0 88 0 46 0 0 0 0 0 0 0 0 0 38 0 0 0 0 0 0 0 0 0 0 6 0 13 0 97 50 0 0 0 86 0 0 79 0 0 0 0 0 0 0 3 0 0 0 0 0 55 0 0 0 0 0 0 0 0 0 0 0 0 0 0 0 0 92 29 
0 0 0 0 69 0 0 0 0 0 0 0 0 0 0 0 0 0 0 0 0 89 0 0 48 0 0 0 0 22 0 0 48 0 1 0 72 59 0 0 54 0 0 60 97 0 0 28 0 75 8 0 94 0 52 36 34 0 5 0 0 27 0 0 5 0 96 0 0 48 0 0 0 0 0 27 0 0 78 0 0 0 73 0 4 74 0 0 0 73 0 8 52 18 0 0 0 0 0 8 0 0 19 0 0 0 6 0 0 0 0 54 25 50 19 0 36 0 0 0 3 0 0 0 12 0 0 0 3 85 80 0 32 19 0 0 34 0 75 0 0 38 53 0 0 25 0 0 0 22 75 54 80 39 0 63 0 0 0 0 0 0 0 7 0 0 0 91 7 0 0 0 0 0 2 0 0 0 34 77 41 0 89 0 0 92 86 0 0 77 62 0 0 0 0 0 0 59 41 48 
0 0 0 9 86 0 19 84 0 0 0 38 39 79 0 0 31 0 95 0 91 0 0 9 4 0 0 0 0 0 15 0 0 10 1 0 0 0 39 81 0 52 0 0 63 0 0 70 0 0 71 0 0 0 0 0 0 8 62 0 56 0 75 0 0 0 0 0 0 0 69 74 0 80 0 85 0 38 11 0 0 0 0 0 12 97 0 0 0 14 0 0 0 0 0 0 0 0 0 15 46 0 0 0 0 56 0 0 22 88 0 0 0 0 99 80 0 0 0 0 47 0 0 0 0 0 0 0 0 0 0 58 0 0 65 0 23 0 0 0 17 0 0 0 0 0 0 0 0 0 0 0 0 58 0 0 0 63 0 0 0 79 0 96 0 0 0 0 0 21 85 0 0 0 7 0 0 99 0 0 0 0 0 0 0 0 0 0 0 6 0 0 0 0 0 0 0 0 0 0 
0 0 88 0 4 0 0 95 0 0 0 0 0 19 100 55 0 0 0 46 3 0 65 67 0 0 25 75 0 74 0 0 0 0 0 0 0 0 21 3 0 74 39 0 0 100 75 0 0 0 0 0 0 96 0 0 0 0 0 0 56 0 0 0 15 74 0 15 35 0 0 61 7 0 97 0 0 98 90 100 0 82 0 36 0 0 0 0 0 94 0 0 100 0 41 0 0 0 0 21 21 38 0 27 0 5 0 0 0 0 55 0 16 0 0 0 0 0 86 0 0 71 46 0 0 0 0 28 68 0 0 45 0 0 0 0 0 0 0 0 23 0 0 4 0 0 0 22 0 0 68 8 0 0 0 0 0 0 94 43 0 0 27 0 0 0 0 0 0 32 0 0 47 8 0 9 0 19 0 0 17 94 55 46 0 41 0 0 45 63 0 0 0 0 0 0 0 79 0 86 
0 100 0 0 10 0 0 0 0 75 0 0 0 98 0 0 0 62 18 0 0 39 0 0 0 0 0 80 0 0 0 38 81 0 0 0 0 33 0 0 23 0 0 0 0 0 0 54 0 0 0 74 0 2 23 0 47 49 59 0 0 0 0 0 87 0 23 25 61 0 15 0 0 0 0 0 40 0 0 0 0 0 84 0 81 0 70 34 37 0 0 0 0 0 0 34 0 30 0 27 0 0 0 0 34 0 39 0 0 0 46 0 72 0 77 0 0 0 0 0 0 0 0 0 34 0 58 57 61 100 0 0 0 49 90 0 0 0 0 67 26 0 100 0 0 0 0 75 0 68 0 0 0 0 0 0 0 82 26 0 0 0 52 76 0 0 0 0 0 0 0 0 0 0 0 0 3 0 0 0 32 55 27 100 36 0 14 0 0 0 0 0 0 0 82 66 0 0 0 0 
0 98 75 0 20 0 87 94 0 0 0 0 0 50 26 0 0 20 0 0 0 76 0 0 94 0 0 0 0 42 18 0 0 0 0 17 8 0 35 86 32 0 55 0 0 0 0 0 0 0 0 0 0 0 95 17 6 11 0 0 0 0 0 0 0 95 0 0 0 0 63 0 16 0 0 4 76 0 0 0 0 0 0 0 0 66 0 74 78 98 3 0 0 0 0 18 87 40 0 96 89 50 0 23 56 0 0 53 63 0 0 0 92 0 0 0 0 0 7 0 0 85 0 23 92 0 0 0 43 46 0 0 0 0 81 0 0 0 0 0 79 0 59 0 0 0 0 54 0 8 0 0 32 82 0 0 75 0 0 0 0 68 0 69 0 0 0 0 81 0 11 89 0 0 87 0 35 0 0 76 0 0 41 0 93 11 64 0 0 0 73 0 0 0 50 64 0 0 0 0 
0 0 0 17 0 0 0 0 37 0 0 17 0 0 52 65 59 0 0 0 0 61 0 0 58 97 0 0 0 0 0 0 0 44 0 26 0 64 62 0 0 94 0 25 73 63 4 0 0 45 0 0 0 0 0 31 86 0 0 0 16 0 0 0 0 0 15 0 0 0 0 0 38 0 0 75 34 82 0 0 0 0 15 0 0 14 0 0 0 0 11 0 0 0 29 0 0 0 0 0 0 0 0 0 0 23 5 0 0 0 18 0 0 38 0 0 0 0 0 0 83 0 0 0 0 0 0 0 0 62 0 89 0 0 0 76 17 0 0 0 0 0 3 42 0 0 0 80 0 0 0 32 0 72 0 16 0 0 0 0 18 76 0 0 0 0 0 88 0 0 0 81 0 76 0 11 0 11 79 0 77 0 0 0 0 0 67 95 0 0 78 0 0 0 0 0 77 0 45 58 
70 54 0 7 0 0 0 77 0 0 60 0 0 0 36 0 0 0 52 1 0 0 0 38 69 36 0 19 0 0 0 1 0 85 0 0 0 41 64 62 82 78 36 9 0 82 0 0 0 0 0 89 0 84 0 29 84 93 0 55 0 19 0 0 0 0 0 0 0 0 0 89 62 0 0 0 94 0 80 0 0 11 0 0 80 0 0 50 26 0 0 17 0 0 0 94 0 71 47 0 43 0 0 0 0 55 0 0 0 0 0 0 0 0 0 0 0 55 0 93 0 0 0 49 81 0 33 0 0 54 0 0 0 74 0 0 0 0 0 0 0 8 0 91 0 52 0 39 58 0 0 82 72 0 0 87 10 0 0 35 78 63 0 94 11 0 9 43 0 0 34 0 0 17 0 0 0 27 0 62 0 0 0 0 28 0 0 13 72 0 22 0 0 6 0 0 0 0 0 0 
0 0 64 0 0 0 81 0 0 42 0 0 0 25 86 0 0 0 25 0 0 26 0 0 0 0 0 0 2 0 0 0 0 0 0 0 0 0 0 65 27 35 0 0 0 45 0 37 0 16 70 80 69 0 0 82 97 0 0 42 38 0 60 45 0 0 0 0 0 8 58 18 24 0 0 10 0 0 0 0 0 0 45 0 0 96 0 23 0 7 14 0 0 0 0 0 26 0 0 0 68 0 83 0 0 0 0 0 0 0 0 0 56 45 0 0 0 0 0 92 92 0 74 0 0 0 0 0 79 43 0 0 71 31 0 38 0 95 45 27 0 0 0 47 0 0 0 0 0 0 0 0 0 0 0 8 0 0 0 0 47 0 0 90 11 7 0 83 0 0 0 0 35 93 67 0 0 55 14 0 45 0 0 77 0 0 0 0 67 39 79 0 0 0 16 22 0 0 0 0 
0 0 0 0 72 0 71 0 0 75 0 0 0 0 0 0 76 0 95 0 0 0 44 51 0 0 0 0 0 79 67 0 0 0 0 0 44 0 0 0 0 0 0 0 0 31 6 37 0 0 0 10 0 0 87 46 9 0 0 0 0 0 30 77 0 0 0 0 0 0 98 0 5 0 25 0 0 0 0 29 69 0 0 78 0 0 0 0 0 0 0 89 57 0 0 33 0 0 6 0 0 0 7 0 49 95 0 0 76 21 0 0 6 0 93 0 0 0 0 0 0 0 0 28 0 88 60 0 0 0 0 0 0 0 0 0 87 0 0 14 0 0 0 19 0 0 6 63 0 0 0 0 16 87 8 0 0 0 0 0 0 0 0 0 0 0 0 0 0 55 66 0 4 0 0 0 0 0 0 61 0 0 0 86 0 49 87 0 0 0 0 49 0 0 0 0 99 0 0 75 
0 76 0 35 25 0 0 0 0 0 0 0 96 0 0 0 46 0 0 0 8 7 0 12 0 33 88 0 0 0 0 0 0 100 61 84 16 31 0 43 0 47 68 86 0 24 0 80 74 42 0 0 0 14 0 0 0 0 93 0 33 0 58 0 0 0 24 0 0 46 0 0 0 62 0 0 0 0 0 0 0 56 67 64 0 0 59 72 0 27 0 0 11 16 0 2 0 0 0 0 0 8 0 8 0 0 0 0 59 0 0 0 0 0 0 60 5 0 0 0 0 0 8 0 0 0 0 31 61 0 0 0 32 0 0 0 0 0 0 0 74 0 41 27 27 0 0 0 0 0 0 75 0 10 0 0 0 0 0 47 0 14 0 0 0 0 0 0 5 40 67 60 0 0 0 17 0 0 0 0 60 99 73 35 0 0 0 0 0 64 53 0 90 32 0 0 0 0 0 6 
23 62 0 55 18 7 0 0 0 0 0 0 100 0 0 94 0 0 0 0 0 8 0 0 11 0 0 0 71 0 0 0 0 0 0 0 0 0 0 0 0 0 0 0 32 0 0 0 90 0 0 0 0 0 0 0 0 29 86 0 0 0 0 96 0 53 0 0 0 5 0 0 28 0 0 0 0 22 0 36 0 15 0 71 0 0 0 0 60 0 0 0 0 0 0 37 12 23 0 16 0 0 0 0 0 0 0 0 0 44 20 0 0 0 0 0 0 0 25 33 0 0 44 0 0 0 0 0 0 0 0 0 72 0 0 0 0 0 0 0 0 0 0 0 0 0 13 0 63 0 82 0 0 0 0 0 0 0 59 0 0 0 77 0 0 0 0 51 0 27 98 0 0 0 0 0 0 14 36 0 60 0 0 0 86 0 63 0 65 0 0 0 0 0 0 40 0 0 25 0 
0 56 0 0 0 0 0 83 0 72 62 77 0 4 45 0 0 0 0 0 0 15 0 85 0 0 70 0 0 0 0 39 0 0 0 0 0 0 1 0 0 0 78 0 0 0 0 0 0 0 0 90 67 0 0 92 26 0 42 66 9 0 15 62 0 0 7 0 6 0 0 0 0 0 65 93 0 0 0 0 0 0 0 0 0 0 0 6 0 3 0 65 0 52 0 0 19 6 65 57 0 29 0 0 0 22 89 0 61 0 0 0 0 0 22 0 14 0 67 0 99 0 58 0 0 40 81 28 61 0 0 0 96 0 30 73 76 0 22 0 19 0 0 0 0 41 0 0 0 94 26 0 0 0 0 0 0 59 0 0 0 0 0 0 0 0 45 0 0 30 0 0 0 0 67 0 0 62 0 0 59 0 0 25 57 70 84 8 0 0 0 33 83 29 0 45 0 71 0 0 
0 0 0 0 8 0 65 0 0 14 0 0 28 0 0 0 0 96 0 0 0 0 0 5 0 0 100 84 0 0 0 0 0 43 0 0 0 0 0 58 0 0 0 0 0 0 0 0 0 54 23 38 8 0 0 56 0 0 0 30 81 0 0 0 0 44 53 0 36 0 0 51 29 5 0 26 0 61 0 38 0 23 0 0 0 0 0 18 0 0 0 0 53 8 61 67 2 0 0 27 0 65 0 43 0 88 97 0 0 0 0 40 0 0 0 64 0 0 4 0 0 0 72 46 91 85 0 43 92 0 0 0 0 9 0 0 48 0 0 0 0 0 99 0 5 0 97 0 0 43 0 0 0 35 0 0 47 0 0 0 0 0 0 0 0 0 0 0 32 14 0 89 0 0 69 33 0 0 0 73 0 0 0 93 0 0 0 0 0 0 0 0 0 25 0 96 0 18 0 11 
71 0 61 0 92 0 0 77 0 0 0 48 64 0 59 0 0 0 0 67 79 0 98 8 41 0 0 0 0 0 0 0 0 75 21 0 0 49 57 1 0 0 84 69 0 0 0 0 89 0 0 0 0 0 0 52 88 41 89 70 95 0 0 37 0 42 44 30 0 0 0 0 0 63 0 0 39 99 0 0 1 0 0 76 32 0 0 0 0 0 0 0 73 0 0 0 0 7 0 0 0 78 0 75 0 0 25 0 0 0 0 36 0 0 0 0 78 91 17 0 0 2 0 0 2 35 0 0 0 8 0 39 0 74 0 0 96 98 36 79 11 23 32 61 100 0 50 0 0 0 0 0 18 78 47 0 0 0 0 0 0 0 0 0 32 76 0 0 0 0 0 15 0 49 89 61 0 0 45 0 0 0 0 21 0 0 52 0 70 22 80 84 74 0 0 9 0 0 0 0 
12 53 0 0 0 0 0 57 56 74 81 0 34 0 97 99 18 0 10 0 76 0 0 34 0 0 42 28 52 35 0 0 51 0 86 0 0 0 2 0 31 0 46 0 0 0 0 0 67 0 0 17 0 0 0 6 0 0 0 0 8 0 33 0 56 47 13 0 0 72 0 0 0 0 0 0 16 3 0 0 36 0 0 0 0 0 0 0 0 0 37 0 0 0 78 0 0 77 0 17 19 0 15 0 65 27 25 87 0 18 25 0 0 0 49 22 0 0 40 33 0 0 0 0 50 46 89 23 0 0 0 0 68 73 24 82 97 46 0 0 29 60 18 0 0 0 0 0 79 0 0 68 76 63 0 0 14 0 0 0 0 0 2 0 96 47 35 47 0 0 0 35 2 0 0 0 0 0 0 60 0 22 0 0 0 0 19 0 0 71 0 0 0 81 0 0 0 0 15 0 
100 0 0 55 0 35 0 0 0 0 0 0 86 0 0 0 67 78 0 0 0 51 61 0 0 0 0 78 0 0 0 0 8 8 19 0 52 77 0 69 0 0 0 0 17 0 62 46 0 0 91 0 0 0 0 18 0 0 0 65 0 50 76 0 3 65 0 71 0 0 48 0 74 0 0 0 75 0 0 60 4 0 13 94 0 62 69 84 0 0 0 0 0 34 38 86 0 0 0 0 0 15 0 0 7 0 65 0 0 0 0 0 14 0 0 0 88 83 0 0 49 19 48 0 16 0 29 0 18 98 0 82 24 0 0 0 47 0 0 0 0 0 0 0 0 89 0 0 0 27 52 0 0 0 0 0 0 77 0 0 0 2 0 0 0 0 0 0 0 69 83 80 0 0 0 0 0 0 0 31 79 0 0 0 37 0 0 0 0 92 0 83 0 0 19 44 19 47 1 33 
0 38 0 0 0 32 40 28 0 0 0 0 0 80 0 0 0 50 70 63 39 60 0 0 28 0 0 0 0 0 0 0 90 17 0 0 89 62 0 0 25 0 0 0 0 36 0 0 0 0 0 0 0 0 0 0 18 0 94 0 66 0 11 90 0 0 0 43 0 13 0 0 0 0 0 38 55 0 2 0 0 90 0 0 0 89 0 0 0 0 0 74 0 0 0 0 0 0 20 0 0 0 0 0 0 9 0 0 0 91 0 0 0 0 36 0 76 0 28 0 0 0 0 0 0 73 0 0 50 62 0 0 0 22 0 0 0 71 22 85 0 77 0 28 0 0 0 7 96 0 76 69 0 94 90 0 0 0 0 0 0 0 0 0 0 0 0 0 0 0 0 51 0 0 0 91 0 0 95 0 0 0 0 76 0 0 0 0 38 0 0 0 0 0 0 5 0 0 0 93 
63 93 0 0 0 0 0 14 0 100 0 0 0 56 0 0 93 0 0 0 0 96 0 52 0 22 0 0 0 0 0 80 0 0 0 0 0 0 0 94 0 0 0 0 0 0 0 20 0 1 0 0 0 33 0 0 1 32 0 0 0 5 0 0 0 0 34 0 0 0 0 0 0 0 0 74 0 0 0 0 0 0 0 0 0 0 0 0 0 0 6 0 90 2 35 80 0 0 0 0 0 0 33 0 54 0 62 27 0 0 0 0 82 0 0 62 49 0 0 0 43 0 0 0 0 0 23 98 0 0 3 0 0 0 0 0 0 0 0 0 66 0 12 0 36 0 86 0 0 0 0 0 0 11 11 0 0 0 0 0 32 96 0 0 0 0 0 99 0 94 0 0 68 0 76 0 0 73 49 0 90 69 64 41 55 0 0 0 0 0 0 20 0 0 0 0 0 0 0 87 
59 0 56 0 55 0 0 0 65 0 0 0 91 0 0 0 0 0 55 0 82 0 0 0 0 0 0 95 0 0 0 0 0 0 0 0 0 0 66 0 0 1 0 0 0 11 0 0 5 0 10 67 0 2 75 59 0 9 7 0 59 0 2 77 0 0 52 0 27 0 0 71 95 0 6 0 0 0 0 0 55 0 0 0 70 0 27 0 20 0 0 0 0 0 75 23 0 0 71 0 55 38 24 0 0 0 45 0 17 0 31 0 0 79 0 0 30 42 0 24 0 0 0 0 0 0 0 10 0 0 0 22 87 0 0 33 0 0 0 0 0 0 0 44 3 0 0 0 0 0 0 0 0 0 7 0 0 0 0 0 76 47 0 0 0 0 0 0 0 0 0 82 67 0 28 0 88 0 8 0 0 0 40 45 72 0 0 0 0 35 0 0 79 76 0 74 0 0 70 0 
81 0 85 0 42 0 0 0 0 48 0 0 0 0 0 27 20 0 34 99 0 0 0 0 24 0 0 0 0 34 0 0 0 0 0 0 97 0 97 0 56 65 0 0 63 0 0 0 59 18 0 0 0 0 81 0 0 0 55 0 0 0 0 0 78 0 37 63 38 0 0 0 0 0 0 11 71 0 0 54 0 0 0 0 0 73 0 6 0 87 0 11 81 0 0 0 0 67 0 0 81 0 83 78 83 62 0 0 100 0 0 38 0 58 0 0 0 46 0 63 0 0 2 0 0 0 0 0 0 0 0 0 0 0 0 0 41 0 0 0 0 86 0 59 0 0 0 0 0 0 0 0 0 9 0 0 0 0 45 0 0 35 0 0 0 0 0 0 0 84 27 0 38 79 32 0 7 63 0 100 0 0 81 0 0 0 0 0 97 45 94 0 0 0 0 0 0 0 0 0 
0 0 42 0 0 1 0 0 0 56 0 0 85 0 7 0 0 0 0 90 29 0 0 0 0 15 0 0 0 94 85 0 5 0 0 0 0 38 0 56 0 61 72 0 0 0 0 0 0 27 0 0 0 0 89 93 0 28 0 0 0 0 22 0 0 0 0 79 0 0 0 0 38 26 0 78 5 0 0 0 0 88 0 0 0 0 0 0 0 0 26 68 0 0 0 0 0 0 0 0 70 0 0 0 0 95 0 0 0 0 0 97 0 0 92 0 0 57 15 56 28 72 0 43 80 0 0 0 0 0 0 0 0 80 0 0 0 0 0 43 0 0 0 0 45 0 79 91 0 0 0 0 88 43 83 0 0 51 0 0 0 47 0 0 99 0 0 0 99 17 30 0 0 0 99 0 0 32 0 0 0 96 0 0 0 0 0 19 61 0 0 0 0 0 0 0 31 62 0 0 
0 14 0 0 0 0 10 0 0 0 0 0 0 27 100 0 21 0 0 0 0 0 0 0 56 0 36 97 0 36 54 0 0 0 35 0 0 25 9 0 0 0 95 0 77 93 0 0 0 0 53 0 0 0 0 0 98 15 0 38 0 25 55 64 0 1 0 0 0 0 13 22 0 18 9 0 39 0 0 0 5 0 0 0 63 68 0 0 0 5 0 0 0 0 0 0 15 67 0 100 0 0 0 0 0 0 0 23 0 26 0 0 0 0 0 20 0 88 0 17 0 0 0 5 0 0 0 47 0 1 80 0 0 0 0 65 0 70 27 0 26 65 43 8 0 0 0 7 0 0 0 81 0 0 0 0 5 0 0 32 0 0 0 0 0 0 0 99 0 0 0 0 0 30 3 0 0 0 0 0 0 66 0 40 65 10 0 0 43 73 0 0 0 55 8 0 0 0 0 0 
0 0 14 0 0 0 0 0 0 0 0 0 0 69 57 0 0 0 24 0 0 0 0 91 0 51 0 0 0 0 0 17 0 0 0 87 0 0 75 20 37 0 0 48 0 0 0 0 0 0 0 0 58 0 23 0 0 96 0 22 0 2 0 0 0 80 99 0 0 0 14 92 0 0 0 67 27 0 0 0 21 0 0 0 43 0 0 0 0 0 23 45 0 0 0 17 0 0 0 0 0 68 0 80 0 0 24 99 0 0 29 61 90 0 0 0 34 8 0 0 82 0 40 0 43 52 91 0 19 0 0 0 88 0 8 0 0 81 49 0 0 42 61 0 32 66 0 0 21 32 0 0 0 0 0 55 40 27 30 14 0 0 69 0 94 0 84 17 0 0 79 88 0 0 70 0 0 31 0 0 0 0 0 26 0 47 87 46 0 53 11 0 0 0 67 0 64 0 28 0 
0 0 0 0 0 0 51 0 2 45 20 0 50 0 30 100 77 40 0 0 28 78 0 0 0 83 0 0 0 0 0 0 0 0 0 0 25 0 0 24 40 18 40 0 0 0 0 0 0 0 0 0 0 0 5 0 0 0 0 0 0 73 0 0 61 54 39 97 57 0 0 0 0 27 0 12 0 29 0 45 87 34 0 0 0 44 0 6 0 0 0 0 65 0 99 0 20 37 35 65 0 0 0 0 0 0 0 73 77 0 0 0 89 34 0 0 0 5 0 0 49 0 0 0 0 88 0 0 0 70 0 12 1 0 23 0 0 0 46 0 0 0 0 0 0 0 0 0 85 0 0 11 0 34 0 66 67 98 0 0 0 0 83 0 0 0 27 30 0 79 0 0 0 0 0 0 0 0 0 0 76 53 0 52 10 0 0 0 0 0 0 38 27 0 0 0 83 0 7 0 
1 0 0 71 0 0 0 35 30 0 0 0 0 0 0 20 0 46 0 0 0 0 0 0 25 98 0 43 0 0 0 0 0 0 0 0 79 0 0 0 20 0 0 3 0 7 0 0 22 14 0 0 0 0 0 0 0 0 0 0 0 68 0 0 0 17 0 79 0 0 0 0 0 88 0 0 0 0 92 80 0 0 72 61 0 15 0 0 0 0 77 69 9 31 19 8 0 6 0 0 0 0 0 0 0 0 0 1 0 0 0 62 0 0 0 0 26 15 0 0 0 0 0 0 21 0 34 0 0 66 0 26 0 78 0 51 0 0 0 0 16 5 0 0 0 45 0 0 0 0 0 89 81 0 0 0 60 0 0 89 15 35 80 51 0 82 0 0 0 88 0 0 0 0 0 0 60 0 0 0 0 0 0 81 82 87 0 91 0 63 0 0 0 0 31 0 93 0 0 0 
0 0 69 39 0 52 0 0 0 0 0 0 0 86 0 23 0 0 0 0 0 0 49 0 29 0 0 0 98 0 0 0 22 0 0 0 29 60 0 0 0 0 0 0 0 0 49 84 54 0 0 0 15 0 0 0 0 0 0 0 0 42 77 0 0 0 0 0 8 0 0 0 0 0 0 26 0 84 0 0 0 0 0 0 0 0 0 72 87 100 0 83 71 28 44 0 0 0 0 83 0 33 0 0 0 43 0 0 62 12 74 0 65 98 0 0 0 0 0 100 0 0 0 0 77 0 28 0 78 0 0 0 0 59 0 0 0 0 0 0 0 0 0 0 69 0 0 0 0 47 0 0 0 0 35 4 0 0 0 0 0 2 0 0 68 67 38 0 0 0 0 0 0 0 99 0 2 87 0 0 0 0 0 0 0 0 0 0 96 0 0 0 0 0 43 0 0 0 42 0 
0 84 0 34 98 26 55 0 0 0 0 81 0 0 31 0 0 0 0 19 0 0 0 0 99 74 18 0 60 46 0 80 95 0 32 0 74 0 43 33 77 0 36 76 0 7 0 0 0 0 0 0 84 78 0 0 0 0 0 0 0 0 21 0 11 37 63 0 0 0 14 0 0 0 0 11 5 35 0 0 0 82 79 0 0 8 0 0 0 0 0 0 69 0 0 52 0 0 0 0 3 0 0 77 80 0 0 0 0 0 0 0 48 0 47 26 0 0 0 89 0 0 0 0 0 0 0 0 16 0 0 44 56 0 94 0 0 65 49 0 0 0 0 0 42 39 0 0 0 8 0 0 76 17 93 0 0 0 0 0 49 0 0 0 0 0 79 0 30 0 0 0 0 0 0 98 0 0 0 0 34 0 8 0 0 26 73 0 39 0 0 0 0 0 44 0 0 0 0 0 
0 4 0 0 0 0 0 0 0 0 0 20 0 0 97 11 0 0 0 0 0 0 0 0 83 0 32 0 0 0 0 0 0 0 56 33 0 0 0 0 0 0 0 15 0 0 0 0 98 0 0 8 0 83 0 19 0 0 0 0 0 0 16 93 8 0 0 0 2 0 76 0 0 73 0 29 44 0 0 0 0 0 0 0 5 0 71 0 0 0 0 21 0 0 61 0 18 0 86 0 0 0 81 0 38 41 0 0 0 0 30 0 1 13 41 0 96 0 62 0 0 0 0 0 86 0 82 0 0 0 9 0 91 0 0 0 16 0 81 0 0 81 88 0 72 0 0 2 7 0 0 87 0 0 67 0 0 0 67 69 89 0 0 0 76 28 32 99 3 70 0 0 99 0 0 61 36 0 0 0 0 67 55 0 0 35 43 29 0 87 88 83 57 0 0 80 0 100 0 0 
73 0 40 4 94 0 26 0 0 0 0 85 58 0 0 22 0 0 0 0 88 0 0 0 0 0 0 48 0 0 56 0 52 49 0 0 0 6 26 0 0 0 88 0 100 0 94 0 0 0 0 5 0 0 0 0 3 92 0 68 0 99 11 0 0 0 9 0 24 0 0 25 0 0 0 13 23 69 0 9 99 0 75 0 0 0 0 0 0 0 0 0 0 0 0 0 63 0 0 0 0 29 0 38 0 0 0 0 0 0 90 0 17 0 0 14 28 54 0 6 79 0 50 48 0 0 0 0 57 0 0 0 8 0 0 0 0 0 84 47 94 0 77 0 0 68 3 0 0 9 0 0 11 0 0 0 17 0 0 33 61 0 0 91 0 0 0 0 0 0 0 0 0 98 61 0 19 70 0 90 0 0 0 47 89 0 1 0 0 0 0 33 0 0 0 0 26 0 0 0 
0 93 0 24 71 0 0 0 0 0 0 0 58 0 50 61 0 0 0 28 0 75 50 0 0 0 60 0 51 20 0 57 18 0 0 0 77 2 0 68 0 56 0 0 69 0 47 0 0 0 0 96 0 10 9 53 0 46 0 37 0 0 46 0 0 8 23 44 0 51 71 0 99 0 45 92 19 0 0 0 0 69 0 88 0 0 0 86 54 0 0 0 0 78 0 0 0 0 71 0 0 0 48 95 0 0 89 0 0 0 0 0 69 86 14 66 0 26 0 0 6 0 0 0 0 88 0 0 93 0 0 29 74 86 0 0 14 0 0 0 58 0 0 0 0 0 0 0 0 0 3 35 0 0 0 0 0 0 0 0 0 0 0 0 0 88 7 0 0 0 0 60 2 0 36 19 0 0 0 0 2 0 0 0 0 19 0 0 0 91 7 38 0 0 65 90 12 0 0 38 
92 0 0 0 0 98 44 0 81 52 93 0 0 0 0 0 0 32 0 0 0 89 0 0 0 0 0 93 39 0 4 0 0 0 0 0 14 0 0 0 0 0 0 0 0 0 45 0 0 0 0 0 0 0 0 0 0 0 100 0 4 0 0 0 0 0 0 0 0 0 95 43 82 0 0 0 0 36 0 57 20 19 59 0 57 0 60 0 8 0 0 60 0 11 0 0 0 67 0 33 41 0 0 0 39 85 100 0 0 46 52 67 44 48 0 59 0 32 0 94 0 0 0 0 0 0 0 82 0 72 0 0 67 88 1 0 39 0 15 56 69 0 0 15 0 0 0 0 99 19 0 0 11 27 55 0 0 14 62 0 0 0 0 0 73 0 63 32 0 31 0 0 87 0 0 70 0 0 0 46 0 95 17 0 0 27 93 19 0 0 0 98 0 0 24 0 0 37 2 0 
0 0 0 0 0 0 85 0 0 0 0 0 0 0 0 84 75 0 0 0 0 0 13 0 0 0 49 0 0 89 0 0 0 6 0 0 81 0 79 61 0 0 0 0 0 10 0 34 2 0 28 0 6 0 0 0 0 24 75 91 42 0 98 22 0 75 63 0 0 0 29 0 0 94 0 0 0 0 0 47 0 0 10 0 0 0 0 29 0 0 0 0 0 0 0 20 0 79 30 0 0 0 0 0 0 0 0 0 0 0 0 0 0 0 0 34 0 77 0 0 0 0 65 0 36 79 18 0 0 64 83 0 0 0 0 0 0 0 28 0 0 0 0 0 0 0 0 34 0 0 0 0 79 0 14 0 0 36 0 0 45 0 0 95 49 8 0 0 0 0 0 0 0 0 0 0 0 0 0 44 0 0 52 0 0 82 0 0 64 0 0 0 0 0 0 0 0 0 0 0 
0 0 0 84 0 0 0 92 0 0 0 39 0 0 0 81 0 0 60 0 0 0 0 27 0 0 31 0 0 0 78 0 7 0 0 0 0 0 0 0 0 0 0 0 86 86 0 0 0 0 0 23 0 0 0 4 0 0 0 0 0 0 15 0 0 8 79 0 23 13 0 0 0 0 0 2 0 0 17 73 0 27 0 0 0 0 56 0 0 0 48 0 0 21 0 0 0 0 0 0 0 0 0 19 32 5 0 0 0 0 95 0 0 0 0 0 0 0 0 7 0 0 0 0 14 0 83 0 99 0 0 0 0 42 0 0 14 0 0 0 0 78 0 0 0 20 0 77 0 0 0 76 0 62 0 61 0 0 0 73 0 60 31 0 0 0 100 0 0 0 0 0 0 0 0 90 0 46 44 0 84 33 0 0 0 0 0 0 43 0 0 36 24 0 0 0 0 0 0 31 
63 0 0 0 0 0 0 0 0 0 0 0 0 28 0 0 0 36 0 0 0 43 0 0 64 66 0 0 0 0 0 42 0 0 0 0 0 55 47 0 77 63 0 0 49 0 0 0 19 32 31 0 0 0 0 0 11 4 100 71 0 79 94 0 86 0 79 0 0 0 0 0 47 0 32 0 0 0 0 0 0 55 0 0 94 0 0 0 52 0 61 0 0 58 0 27 91 29 0 0 84 0 0 0 0 30 0 0 49 0 70 0 0 0 20 0 44 4 0 0 0 0 0 31 0 0 0 0 94 0 63 0 0 46 28 92 0 0 81 95 0 33 0 35 0 0 0 41 0 17 32 0 77 0 45 0 60 60 59 0 0 0 79 0 90 0 0 0 0 0 76 0 0 34 0 0 2 0 0 84 0 0 0 70 28 81 23 54 0 30 0 0 0 0 0 41 0 87 0 95 
0 0 0 0 0 78 0 0 0 0 0 0 0 57 0 0 0 0 6 0 0 0 0 0 23 0 20 0 88 0 0 35 46 0 28 68 0 0 95 0 0 0 0 0 0 0 0 0 47 58 0 0 0 0 14 0 0 0 37 0 0 0 0 66 0 0 0 9 0 0 0 0 0 66 30 23 0 0 0 0 0 0 0 33 0 80 0 0 0 56 0 0 0 0 19 0 0 0 3 55 0 12 57 0 32 0 31 0 0 0 0 0 26 0 0 74 9 0 80 0 0 0 99 0 34 0 0 70 0 0 73 0 0 0 56 0 0 96 0 96 56 23 94 0 0 0 55 0 0 94 55 0 0 0 0 0 99 0 0 0 0 22 0 0 69 0 0 96 66 0 53 0 0 0 67 0 0 95 0 33 0 0 41 0 0 0 0 0 0 0 67 0 49 0 83 0 40 0 73 0 
0 0 0 50 0 0 0 0 0 0 0 0 17 0 0 0 26 48 0 0 0 0 0 0 0 67 76 0 0 0 92 0 46 0 0 0 93 0 0 0 0 0 0 0 0 47 0 0 74 0 0 0 72 0 0 0 0 24 84 0 19 0 64 0 94 0 74 72 49 0 45 97 0 0 0 0 0 0 0 8 0 0 28 0 0 68 64 73 0 0 0 0 0 44 0 0 0 0 0 7 0 0 0 0 77 0 85 0 0 0 0 0 51 0 0 0 0 93 0 0 94 23 0 0 0 0 0 0 0 0 0 0 58 0 0 87 0 22 86 35 0 27 0 0 43 0 0 89 0 55 27 41 0 0 0 0 73 0 0 0 0 0 0 0 64 40 81 0 0 0 0 0 0 8 55 0 0 17 52 0 0 41 0 0 41 0 0 17 0 34 0 47 0 77 84 0 0 0 0 86 
53 0 12 0 0 0 71 0 0 80 0 0 0 0 0 12 0 0 0 15 0 26 0 6 42 0 52 0 9 0 10 0 20 14 94 86 0 13 0 0 0 0 0 0 0 0 51 88 13 7 90 28 41 0 2 0 33 0 0 0 0 0 53 67 0 0 0 0 0 0 69 49 0 0 0 0 0 47 78 0 83 26 0 67 0 20 92 98 0 0 0 31 2 62 0 0 32 0 0 0 21 87 0 0 0 0 0 0 0 0 0 0 0 0 73 0 85 0 0 0 0 0 0 0 37 0 85 0 1 0 25 12 0 0 0 0 0 0 53 0 0 0 0 100 0 91 0 0 0 46 100 0 0 0 77 86 35 0 25 93 21 0 0 76 41 45 0 0 40 26 52 81 0 0 0 47 0 0 0 0 70 0 0 0 53 0 0 0 27 93 13 0 0 0 0 0 0 0 0 0 
0 0 0 0 0 0 6 100 0 0 58 0 53 67 36 0 95 0 97 100 56 0 85 70 0 0 0 6 0 50 0 0 0 0 47 0 0 0 52 0 0 87 0 0 0 0 0 80 76 0 0 0 0 18 0 0 90 78 0 75 62 90 22 0 16 0 0 0 0 94 0 0 75 0 0 0 0 7 0 72 0 0 0 0 0 0 0 0 2 0 0 18 59 0 0 17 0 0 30 0 75 0 52 77 90 0 48 0 96 23 15 0 0 0 0 0 99 100 5 0 0 89 0 0 0 0 0 0 0 0 0 0 83 0 0 47 24 0 0 0 0 0 86 0 67 91 0 0 0 0 36 93 0 28 0 0 0 86 57 0 0 0 37 0 55 72 0 0 65 0 10 82 0 0 0 89 0 0 0 0 28 0 41 53 0 0 0 0 0 0 0 0 34 0 0 6 98 0 0 0 
13 0 0 0 0 0 81 0 29 0 0 0 43 0 0 0 93 0 45 0 0 0 0 0 0 0 0 0 0 76 0 0 0 0 33 0 0 0 0 0 0 0 92 0 0 0 0 8 0 0 0 40 0 0 0 60 0 0 0 0 0 13 0 57 0 0 0 96 0 0 0 0 43 7 0 0 91 0 27 0 0 0 0 56 0 0 0 0 0 0 0 14 89 0 0 0 0 0 0 10 0 0 0 0 0 0 0 0 0 0 0 0 0 47 38 3 0 0 0 45 0 49 62 3 0 47 0 67 0 0 0 0 0 0 0 0 79 0 48 45 0 0 0 0 76 0 0 92 0 41 0 11 0 0 0 49 0 0 70 0 0 0 0 0 0 0 0 0 10 47 0 87 0 26 35 0 19 27 82 0 81 0 0 0 0 0 0 0 0 0 95 55 43 4 0 0 81 0 0 0 
8 0 0 68 0 77 85 28 0 0 28 0 42 7 0 0 0 0 96 0 0 0 0 0 0 14 32 0 0 0 0 0 0 0 65 2 0 90 0 49 0 0 0 0 0 46 0 0 35 0 0 3 30 0 0 0 0 0 72 44 0 0 0 0 17 0 70 0 49 0 85 0 86 0 0 0 56 0 0 0 0 0 0 38 0 0 0 44 0 0 0 0 0 0 19 30 0 0 0 0 43 0 0 0 30 93 70 0 24 27 29 45 0 0 62 99 0 0 0 0 26 21 97 50 0 0 60 34 56 87 63 0 0 16 0 0 0 0 0 0 0 0 0 0 0 0 0 86 0 0 14 64 67 0 0 87 0 63 84 0 52 19 0 0 0 0 0 0 0 87 0 0 0 73 43 1 0 93 0 0 23 0 0 0 0 0 0 9 0 0 63 0 84 0 55 8 5 0 0 0 
0 0 0 0 0 0 0 0 0 0 0 17 95 58 0 76 0 0 0 0 30 93 28 0 86 72 98 0 0 10 93 0 0 0 20 0 0 0 0 0 0 0 0 39 6 92 0 0 42 0 90 0 0 71 0 0 0 0 60 0 8 84 7 0 0 0 44 16 0 1 74 45 0 63 45 0 0 0 9 0 0 74 0 0 0 0 99 0 0 78 0 0 56 0 0 75 0 21 0 0 0 79 0 24 74 0 12 0 23 35 0 0 0 0 0 0 11 0 0 0 33 0 83 72 0 0 0 0 96 49 0 0 10 0 1 0 22 76 0 87 0 0 0 0 0 0 0 0 0 0 0 0 95 13 0 0 0 0 8 0 0 0 0 0 0 0 0 19 0 46 0 91 0 0 29 0 0 19 0 0 54 0 17 0 0 0 9 0 0 0 0 0 0 39 0 98 0 63 0 0 
55 40 0 0 0 42 0 0 0 0 0 0 0 95 59 0 0 0 0 0 0 0 37 0 87 0 0 0 95 0 63 0 0 0 0 0 0 0 46 0 0 0 0 0 95 0 0 0 39 0 20 0 0 34 84 33 0 0 84 69 23 81 0 0 0 0 0 0 0 0 0 0 98 0 0 51 0 0 0 0 11 0 2 0 0 0 0 31 0 88 0 63 0 0 0 0 0 0 77 54 0 0 0 0 0 0 0 0 38 0 0 0 0 32 0 69 0 13 22 0 79 58 0 0 45 0 34 0 0 0 81 0 0 0 0 0 0 0 0 0 0 0 65 75 36 26 0 0 0 45 0 0 0 72 67 0 0 65 0 0 70 0 0 38 0 0 97 61 43 0 0 0 96 39 0 0 0 0 64 43 0 0 0 27 0 0 0 0 0 0 0 0 5 0 61 0 84 0 0 0 
22 61 0 0 72 0 24 0 40 86 38 22 0 0 0 0 0 0 0 48 0 0 13 0 0 49 0 25 76 0 0 4 38 0 0 54 15 0 0 25 0 0 39 0 0 0 0 0 0 44 0 0 0 0 0 0 0 0 0 0 0 0 0 58 0 11 32 47 0 54 45 0 0 19 0 19 0 64 0 0 83 86 0 0 0 0 0 0 14 92 0 43 4 0 0 0 0 6 22 0 62 0 8 0 0 74 0 44 0 0 0 45 0 0 4 0 0 0 29 0 0 0 0 35 0 0 23 0 0 0 0 0 65 0 0 1 0 0 0 87 0 0 31 99 0 33 0 77 6 63 0 0 0 0 39 0 64 0 0 0 22 71 92 0 0 35 45 0 73 53 0 63 0 0 87 0 91 0 0 0 30 0 34 93 0 0 0 0 0 0 0 0 0 44 0 93 0 0 0 0 
57 0 85 70 0 0 0 0 7 30 0 0 0 84 27 99 0 76 0 0 82 0 90 94 29 0 7 0 0 0 5 0 18 96 0 0 0 0 0 1 0 0 44 65 3 0 0 0 46 0 0 0 85 17 0 16 20 0 0 74 46 96 0 0 0 0 0 0 95 69 0 0 0 0 18 0 0 0 13 0 0 26 0 0 0 0 0 0 0 58 45 0 0 0 0 0 66 0 0 46 0 71 25 20 0 22 0 0 17 96 0 70 18 0 76 0 0 0 0 0 22 0 93 0 0 0 30 86 0 0 0 32 0 0 43 0 0 79 73 0 5 0 0 11 87 28 0 62 0 0 0 73 78 22 79 0 53 0 0 0 80 0 0 0 0 0 94 0 0 11 0 0 0 0 88 0 7 0 0 0 0 67 0 13 0 95 63 0 0 0 0 77 0 0 0 96 53 0 0 0 
0 0 0 23 0 0 0 0 9 0 0 0 82 0 0 0 0 0 0 26 0 0 0 18 35 21 0 0 0 0 13 0 0 0 80 23 22 91 0 0 75 0 0 0 0 0 0 41 64 7 52 0 59 0 8 50 0 42 0 0 35 0 0 0 30 0 55 0 0 0 79 0 0 51 0 39 0 0 0 84 0 71 0 53 53 4 0 0 0 0 49 0 0 84 0 0 0 0 70 0 46 8 0 0 55 0 89 38 0 0 41 0 0 14 0 0 0 0 0 0 70 0 0 0 0 17 31 0 0 0 0 61 0 53 0 0 0 12 93 0 0 80 0 0 92 62 0 0 0 0 0 0 0 0 0 49 0 0 33 0 84 0 83 0 20 0 0 0 0 0 38 0 0 0 83 33 38 98 0 36 0 0 47 0 0 55 0 0 0 0 77 0 23 0 0 51 0 0 0 0 
0 0 0 0 46 0 0 22 97 0 0 0 0 0 71 49 18 24 0 0 0 90 0 0 0 0 70 0 0 0 59 92 0 0 0 0 50 0 0 0 0 0 94 0 0 4 0 0 0 0 0 89 0 49 79 0 0 0 0 0 0 92 0 91 0 0 0 0 3 74 0 64 61 77 0 0 0 0 0 0 72 0 0 48 0 0 99 0 36 1 0 0 0 94 8 30 0 0 0 0 0 96 0 0 100 0 0 50 0 26 23 0 0 52 0 0 0 0 0 0 0 0 40 0 0 0 0 0 94 0 0 0 0 21 0 0 75 67 0 79 100 32 0 73 3 0 0 0 0 0 0 0 0 0 0 0 90 0 83 0 74 0 0 0 0 79 0 0 0 0 27 0 0 0 57 0 0 0 0 24 0 49 0 0 34 43 84 0 5 0 0 23 0 0 21 0 0 0 97 5 
0 0 0 0 0 64 87 0 82 10 0 0 0 0 0 0 0 0 0 0 0 0 71 0 0 75 0 0 0 0 0 0 70 0 0 87 1 67 0 0 0 0 0 16 0 0 0 0 28 60 0 44 10 0 97 76 96 0 0 0 0 0 0 0 2 0 0 0 0 0 21 0 0 10 23 46 0 0 43 0 0 42 0 0 0 0 3 0 0 0 78 62 0 0 0 0 78 0 0 0 0 0 7 0 0 0 0 0 0 0 0 0 0 0 88 0 62 0 0 0 0 0 0 0 0 0 79 0 0 0 0 0 0 0 6 0 0 0 0 0 14 0 0 0 0 0 0 0 0 0 0 0 0 6 0 0 32 0 29 25 0 81 0 0 0 76 0 0 55 0 0 0 0 0 0 0 0 0 0 0 0 0 77 0 0 4 0 39 0 44 0 0 0 0 0 98 0 0 0 0 
0 0 0 0 0 0 0 0 0 4 61 0 32 0 0 0 14 0 0 0 0 0 0 92 0 94 0 0 100 0 78 0 0 62 11 48 59 76 68 87 0 0 0 0 0 0 83 0 32 0 0 17 80 37 0 0 82 82 0 0 0 0 0 3 83 95 0 49 76 0 0 0 0 0 0 94 0 84 0 0 0 0 0 19 0 0 0 44 0 82 0 90 68 0 0 0 0 0 0 0 64 63 0 0 4 0 0 0 0 0 0 0 0 0 0 0 0 0 9 0 0 0 0 0 0 68 0 50 0 0 0 0 0 0 0 0 0 21 21 29 0 0 0 0 0 26 0 0 0 0 82 50 0 0 16 0 0 0 0 0 0 0 19 0 0 0 0 0 8 67 0 31 43 44 0 0 65 24 0 0 0 83 84 0 0 0 55 0 61 0 0 0 21 0 0 0 0 0 51 55 
0 0 0 0 0 0 0 0 0 0 0 0 31 0 0 89 11 0 0 37 0 0 0 0 70 0 70 0 30 0 0 71 27 0 0 0 0 0 0 0 0 0 87 0 0 0 0 0 0 0 0 0 52 0 0 84 10 0 80 0 0 0 0 60 0 20 74 0 0 55 0 45 71 0 0 0 87 79 0 95 59 0 0 29 76 29 0 80 0 0 25 15 69 52 25 0 52 53 0 0 0 87 0 0 26 0 0 24 0 0 0 0 0 0 25 0 0 97 0 0 96 0 0 0 23 54 53 0 0 0 0 2 0 54 1 0 0 0 0 0 0 0 0 0 34 0 0 0 0 0 66 64 0 0 22 0 0 40 45 96 9 0 44 5 0 74 0 0 0 0 0 0 0 0 80 0 90 0 0 0 41 0 0 0 6 0 8 98 0 93 96 51 0 98 0 0 0 0 0 70 
0 0 77 0 0 0 0 0 0 0 5 0 0 0 0 0 0 0 0 23 100 0 0 98 61 0 39 0 0 0 0 0 36 47 0 0 0 0 0 0 38 0 0 0 38 0 0 0 42 0 15 0 0 0 0 0 0 85 0 0 0 0 46 0 0 0 0 0 70 0 0 4 17 0 0 19 0 47 0 0 52 0 0 0 66 0 0 0 0 38 0 3 28 51 36 60 0 0 53 0 46 0 0 0 0 28 0 16 0 98 5 95 0 18 0 35 29 0 0 0 0 0 0 19 0 0 0 7 0 0 67 0 0 0 29 0 83 52 0 94 29 0 0 0 12 52 0 0 0 0 0 0 77 0 0 99 0 0 0 0 0 0 19 0 0 0 0 31 0 64 83 93 0 0 0 26 12 0 0 0 0 40 0 0 98 81 5 0 84 0 53 0 0 0 0 0 0 0 53 51 
0 89 12 0 14 0 76 0 0 26 0 0 36 0 0 0 0 0 0 96 0 0 0 63 0 0 0 0 0 68 0 5 12 34 0 0 0 0 37 30 0 0 0 0 0 66 0 98 0 85 0 0 0 0 0 0 0 0 54 0 0 0 0 0 0 87 0 0 3 18 33 0 0 0 0 0 0 0 0 0 0 0 0 0 0 0 0 89 0 0 0 0 59 0 0 0 0 0 61 0 0 0 0 16 0 0 11 99 10 0 0 0 0 0 41 0 67 66 0 0 0 0 0 0 100 0 0 55 0 0 0 0 0 51 0 0 0 0 0 0 62 68 0 77 75 44 0 59 0 79 0 0 0 0 0 0 0 0 71 18 0 0 47 0 0 0 0 62 0 0 0 0 0 0 100 0 0 37 0 0 87 0 0 0 0 0 0 63 0 0 0 0 0 0 0 0 0 0 0 0 
0 0 0 50 0 0 0 0 0 0 1 57 0 88 0 29 1 93 0 0 30 58 93 51 4 13 0 0 0 0 37 0 0 0 0 0 4 0 86 97 50 75 98 6 0 0 0 19 0 0 79 0 0 7 0 0 0 14 1 0 0 0 47 0 0 29 0 0 32 0 0 0 0 0 50 58 0 0 0 0 0 78 0 0 0 0 0 0 0 0 0 0 0 81 0 0 0 0 0 0 25 0 1 0 56 63 0 96 0 72 0 29 26 0 0 0 0 83 0 0 0 46 0 0 21 0 19 0 0 0 0 8 0 35 0 0 0 0 0 0 83 58 0 0 0 25 92 41 0 0 0 0 45 0 0 0 0 25 0 0 0 15 1 0 0 70 0 0 0 28 7 0 42 0 0 0 0 2 0 0 0 73 0 0 0 0 0 0 0 0 0 0 97 0 51 0 53 0 0 0 
0 0 0 0 70 13 78 6 76 92 0 20 0 0 0 0 0 0 84 0 0 0 36 35 34 12 0 0 0 0 0 20 76 19 0 0 0 97 0 0 39 0 0 0 0 0 0 34 46 0 0 0 48 0 0 0 17 0 19 0 0 0 0 0 20 0 13 11 0 0 0 0 0 0 0 0 0 0 0 95 86 0 10 0 0 0 0 0 69 22 88 0 0 0 0 24 0 0 0 0 0 0 0 0 0 0 33 0 41 34 61 39 14 0 83 0 0 0 0 0 0 0 0 0 83 52 0 98 0 0 78 0 0 94 49 0 0 73 19 56 0 0 0 21 0 0 29 48 0 86 0 0 58 0 0 75 6 0 0 11 0 0 33 93 87 0 0 0 0 0 0 0 0 0 0 0 38 0 0 31 95 0 86 0 0 0 0 0 0 0 0 0 5 0 55 70 51 0 0 0 
