14 4
0 83 54 28 54 2 90 70 52 59 53 98 0 35 
83 0 5 85 67 0 35 0 0 65 54 57 0 76 
54 5 0 62 0 0 0 80 34 58 32 5 44 41 
28 85 62 0 21 0 15 45 48 74 58 55 45 44 
54 67 0 21 0 27 27 27 15 0 4 99 0 75 
2 0 0 0 27 0 6 90 33 0 83 15 0 87 
90 35 0 15 27 6 0 56 0 0 51 36 79 13 
70 0 80 45 27 90 56 0 0 94 83 93 22 0 
52 0 34 48 15 33 0 0 0 18 100 27 87 25 
59 65 58 74 0 0 0 94 18 0 29 100 0 81 
53 54 32 58 4 83 51 83 100 29 0 29 63 0 
98 57 5 55 99 15 36 93 27 100 29 0 82 28 
0 0 44 45 0 0 79 22 87 0 63 82 0 53 
35 76 41 44 75 87 13 0 25 81 0 28 53 0 
