150 32
0 91 0 0 26 46 86 36 35 87 0 82 0 6 0 91 4 71 0 36 0 0 0 0 31 96 0 0 26 0 0 0 60 0 69 92 57 82 0 63 82 0 0 47 22 0 2 0 58 0 51 11 92 0 14 14 0 0 0 0 0 2 74 68 36 0 19 0 0 0 0 0 47 0 0 17 80 0 95 58 0 63 0 84 56 21 18 67 70 3 47 37 17 0 62 0 100 95 0 11 0 0 24 95 0 0 78 0 0 0 25 27 74 68 0 0 31 3 93 43 4 0 0 72 90 75 100 22 0 0 23 37 0 9 0 49 0 0 0 40 26 90 53 30 3 51 34 0 0 90 
91 0 0 0 4 77 0 0 0 0 35 25 71 59 0 63 74 0 68 99 54 57 0 0 73 82 0 85 83 0 0 98 24 0 99 0 100 84 76 22 0 9 19 6 70 0 0 90 0 65 98 73 29 0 0 18 0 0 0 81 36 78 0 69 65 31 91 0 0 34 61 0 69 0 91 3 14 0 79 69 68 28 32 6 0 49 0 66 94 59 48 0 41 0 14 0 0 39 96 0 0 0 0 77 0 90 20 37 2 0 7 0 0 0 46 0 87 38 14 44 15 5 55 43 0 0 0 43 60 0 41 0 97 0 54 68 54 0 0 74 0 0 0 0 77 31 21 22 16 17 
0 0 0 0 0 0 0 100 0 0 0 52 94 0 0 0 0 35 71 82 0 0 0 67 0 0 49 0 73 41 92 0 0 42 38 0 41 70 64 0 50 98 56 17 0 75 75 74 80 0 0 90 65 0 0 81 0 18 0 24 10 66 44 39 0 30 46 19 63 0 91 43 28 0 0 40 21 0 27 0 59 50 17 0 0 9 0 0 0 42 36 0 0 52 91 0 0 0 0 21 78 32 23 12 0 0 3 0 64 49 0 85 0 7 96 81 0 0 0 0 25 0 61 86 78 13 44 0 0 80 0 97 0 47 0 66 0 0 67 0 15 0 0 0 0 30 0 93 56 0 
0 0 0 0 45 55 0 73 82 65 0 60 0 0 0 19 51 0 0 53 100 55 37 0 22 0 0 0 0 0 73 0 0 95 20 0 0 79 69 0 38 0 0 0 97 0 0 50 3 98 59 69 0 0 49 41 27 0 87 0 0 72 46 6 0 80 0 0 83 71 0 0 0 0 19 0 88 91 0 52 0 0 0 59 0 0 92 0 98 0 0 0 0 0 0 0 0 6 0 53 0 53 34 0 0 2 0 0 4 92 19 0 0 98 65 99 0 65 0 0 49 0 79 45 0 0 49 72 0 8 0 22 47 40 0 0 0 0 54 0 21 90 1 0 0 0 0 0 66 54 
26 4 0 45 0 71 0 65 1 40 80 3 100 81 0 40 0 0 61 44 60 0 0 35 0 32 0 0 18 1 35 0 0 16 0 0 0 0 0 99 24 43 86 24 56 10 0 56 43 0 79 98 95 0 27 18 74 0 0 0 0 0 0 95 1 0 0 22 13 0 73 8 0 0 62 52 0 70 27 0 25 40 91 0 73 0 0 0 79 0 87 64 82 56 70 76 22 7 25 0 0 23 0 0 0 14 0 0 0 35 0 0 0 33 0 61 78 0 19 69 24 1 34 0 28 0 0 0 18 0 66 96 56 0 55 0 75 0 66 99 69 58 0 6 0 0 0 39 98 0 
46 77 0 55 71 0 0 50 0 28 32 75 100 50 0 0 0 0 0 0 0 0 0 0 95 0 81 65 37 30 0 51 0 0 82 0 94 69 53 24 0 0 30 0 0 0 83 0 81 47 92 33 58 0 19 100 77 0 0 0 22 0 67 41 39 97 0 0 48 17 0 0 96 51 0 0 40 0 85 55 96 92 0 0 31 89 100 0 0 69 28 41 0 28 0 71 67 0 0 0 94 24 24 0 45 85 38 0 57 56 69 11 80 33 26 38 58 83 43 0 0 0 86 0 0 86 0 79 47 0 0 45 25 50 45 0 0 19 10 77 0 0 93 6 29 0 5 13 80 34 
86 0 0 0 0 0 0 0 0 0 70 0 30 0 6 8 0 41 87 90 0 0 0 42 70 68 58 26 78 83 65 0 0 0 55 0 0 57 0 91 96 0 69 36 0 0 63 0 43 0 78 74 0 0 91 0 63 4 67 37 0 0 90 48 0 42 81 22 0 31 91 52 94 71 0 9 14 0 0 26 0 37 3 92 8 35 40 15 56 5 0 0 0 0 68 65 0 0 70 0 21 0 26 0 0 0 0 20 0 0 86 45 45 58 77 59 82 34 13 19 0 0 4 7 29 50 0 0 18 24 49 0 32 0 0 60 20 38 2 0 0 0 0 0 87 0 21 44 0 58 
36 0 100 73 65 50 0 0 65 85 0 0 23 82 26 62 0 8 88 85 66 72 46 0 82 83 0 37 79 13 29 0 62 0 39 0 0 0 34 84 85 0 15 12 0 0 0 0 0 0 0 0 0 75 0 0 0 0 92 99 0 30 11 0 94 43 0 53 0 69 0 0 0 23 0 63 66 43 0 0 0 18 0 0 0 44 0 38 0 98 5 81 0 0 0 39 0 0 10 77 43 73 47 0 28 98 0 85 99 14 0 2 16 8 0 0 0 0 35 0 90 42 0 0 21 47 0 0 47 0 22 6 3 49 0 66 0 0 4 77 33 71 23 8 41 0 0 93 58 68 
35 0 0 82 1 0 0 65 0 0 0 0 0 71 0 69 0 6 36 89 0 43 0 94 64 0 57 69 72 0 0 0 96 12 43 0 77 0 33 0 0 90 0 41 0 30 94 0 0 0 23 5 98 92 37 8 0 0 0 29 0 27 0 10 96 42 90 70 14 0 1 52 0 81 0 25 0 15 66 30 63 3 0 0 0 3 76 0 37 52 6 88 57 91 13 89 28 0 0 9 0 0 51 100 15 16 26 0 0 0 3 0 0 97 13 0 0 0 73 0 14 0 13 0 0 12 1 16 0 0 45 0 0 35 0 0 0 13 0 0 25 91 37 0 47 39 0 0 0 0 
87 0 0 65 40 28 0 85 0 0 74 18 74 0 88 72 85 94 0 88 0 0 29 0 23 67 15 39 0 75 0 0 0 0 0 0 0 0 59 0 98 0 0 0 0 0 0 0 88 0 1 91 0 54 37 14 0 0 0 98 0 0 0 0 89 66 0 59 0 69 52 52 4 0 0 86 59 0 38 22 0 0 0 78 0 18 0 31 68 45 0 80 0 0 6 0 0 0 10 0 56 0 39 50 68 66 0 0 0 0 73 0 0 73 0 0 78 31 85 30 80 9 59 0 6 66 21 75 9 0 48 54 0 1 3 92 0 67 88 0 0 0 31 37 0 95 0 0 0 86 
0 35 0 0 80 32 70 0 0 74 0 0 31 0 0 95 76 0 0 0 82 0 0 91 0 28 0 34 90 0 38 0 0 8 0 28 69 9 80 67 91 69 0 0 2 0 36 0 72 0 1 0 66 77 94 67 32 0 7 63 0 40 0 0 99 26 0 0 82 72 68 40 0 0 74 67 0 0 0 13 0 12 98 5 87 55 0 70 36 30 6 0 75 0 0 19 86 0 0 23 83 56 0 0 87 58 0 57 98 0 6 46 44 0 82 11 43 78 9 72 0 37 98 0 0 0 100 0 89 89 0 8 0 44 0 0 0 59 0 33 0 0 65 0 0 0 57 0 12 0 
82 25 52 60 3 75 0 0 0 18 0 0 5 0 50 18 63 13 56 0 0 13 0 63 0 0 0 0 96 48 50 27 2 0 0 0 23 0 24 0 0 4 55 0 6 0 16 38 0 6 54 22 100 0 0 0 0 83 4 57 74 36 0 0 0 64 20 45 0 63 0 94 2 70 66 57 0 29 0 84 61 0 0 9 67 4 50 0 95 0 0 0 0 51 7 0 99 64 99 71 93 0 0 0 2 65 0 0 60 0 48 0 0 0 0 39 34 72 45 0 0 0 0 0 0 61 20 77 25 0 86 0 30 0 0 0 11 57 62 30 55 48 0 77 100 44 0 10 12 51 
0 71 94 0 100 100 30 23 0 74 31 5 0 93 79 56 0 0 92 89 65 77 72 80 0 29 3 12 0 27 0 42 26 67 2 78 83 42 54 40 0 98 32 0 0 0 54 97 0 90 40 55 92 84 27 1 0 0 19 29 44 18 47 24 65 18 65 0 0 3 0 42 61 0 0 19 46 0 0 0 19 55 97 0 6 0 0 0 0 95 84 53 0 30 0 91 0 0 60 0 0 55 80 64 0 0 22 0 53 0 89 0 60 0 0 0 17 0 60 47 0 0 6 50 0 0 24 72 0 26 25 0 0 0 0 89 0 0 28 0 94 0 0 56 43 0 0 15 76 0 
6 59 0 0 81 50 0 82 71 0 0 0 93 0 0 71 12 0 1 0 92 0 0 0 0 0 94 5 71 15 0 0 28 67 0 0 86 18 0 0 0 16 0 31 0 0 0 0 0 86 0 0 100 9 81 0 60 96 52 0 55 29 0 0 0 18 0 0 58 4 52 0 60 0 32 61 0 2 45 0 59 0 0 85 0 0 0 70 0 37 96 0 0 0 0 0 22 0 0 0 5 0 13 0 0 0 0 0 77 0 0 28 0 25 44 0 99 0 56 54 58 0 93 0 76 0 83 89 54 79 40 0 0 34 29 0 0 74 19 0 0 47 56 0 0 10 0 0 95 0 
0 0 0 0 0 0 6 26 0 88 0 50 79 0 0 30 0 0 24 52 0 0 0 84 16 0 20 60 0 67 29 0 74 98 92 0 0 0 0 9 0 18 0 29 0 97 11 72 56 14 0 0 15 0 87 59 32 42 56 83 0 24 26 0 13 27 5 88 0 79 0 66 0 62 0 31 41 61 0 0 0 65 0 0 10 75 21 98 0 0 10 0 72 0 0 43 91 6 0 0 52 0 29 0 56 0 0 0 36 30 0 0 76 77 0 95 7 0 0 46 0 2 30 63 44 0 0 70 0 99 2 63 87 88 0 73 71 70 0 0 0 0 0 57 68 21 0 0 0 59 
91 63 0 19 40 0 8 62 69 72 95 18 56 71 30 0 0 0 0 68 4 84 10 0 52 0 0 56 77 17 0 58 0 0 10 20 0 0 0 0 0 10 0 96 22 22 58 25 81 0 61 0 0 10 74 55 64 99 0 38 0 0 0 60 0 55 53 93 0 30 12 98 0 51 0 10 0 12 0 0 57 0 0 0 77 11 0 10 56 0 63 0 0 0 43 75 0 60 0 87 0 19 0 81 0 0 7 8 48 41 37 0 0 61 97 15 0 72 48 0 0 0 64 0 0 0 94 0 58 98 0 61 0 0 0 30 0 54 6 0 65 97 6 41 0 0 87 0 86 15 
4 74 0 51 0 0 0 0 0 85 76 63 0 12 0 0 0 34 98 20 0 71 44 0 46 0 44 0 23 0 96 0 0 15 0 0 0 0 0 91 80 0 4 13 55 0 52 11 0 0 82 73 66 98 15 64 0 0 0 10 0 0 0 36 0 78 25 0 89 31 31 34 11 3 0 89 66 90 0 0 42 0 0 0 0 0 15 2 37 0 0 0 69 31 0 6 0 0 0 18 83 96 17 0 40 8 0 0 0 0 54 0 13 95 98 0 25 83 73 4 0 72 0 46 0 0 0 0 39 87 5 0 31 41 94 14 0 0 91 75 0 0 0 0 0 21 0 71 0 0 
71 0 35 0 0 0 41 8 6 94 0 13 0 0 0 0 34 0 0 0 68 85 84 64 90 0 1 47 61 0 0 0 5 19 0 29 0 17 0 40 2 78 0 0 0 0 0 50 8 34 0 51 0 0 0 63 0 0 66 33 44 75 55 0 71 55 29 0 99 0 78 0 76 0 33 68 54 0 54 87 60 0 30 74 0 93 0 17 0 35 0 59 0 0 0 18 0 41 28 0 0 0 0 10 0 0 32 36 0 24 64 0 58 13 12 0 0 93 0 0 46 60 0 5 36 96 0 44 0 0 96 21 0 59 0 12 11 0 57 0 0 0 63 97 84 73 0 22 67 46 
0 68 71 0 61 0 87 88 36 0 0 56 92 1 24 0 98 0 0 0 89 98 12 43 1 68 73 38 0 0 0 0 46 81 0 46 0 69 88 98 0 0 16 81 86 0 42 0 27 0 46 0 88 66 39 0 71 0 81 2 46 59 0 34 0 0 0 88 0 33 0 80 0 0 73 0 0 14 87 0 0 5 17 16 0 0 37 25 56 93 18 11 33 16 86 91 0 90 0 55 90 44 18 0 0 16 70 0 0 38 68 72 0 0 0 0 0 100 100 0 0 50 60 46 0 0 0 0 0 0 27 0 0 11 65 0 0 0 0 0 99 0 56 87 0 0 0 11 0 0 
36 99 82 53 44 0 90 85 89 88 0 0 89 0 52 68 20 0 0 0 90 51 0 54 20 12 56 0 0 23 34 0 56 87 60 17 0 78 59 0 0 0 0 0 21 12 0 0 2 53 29 99 7 15 36 60 45 0 0 0 0 0 8 0 39 54 0 18 83 81 94 0 43 0 23 13 0 0 0 77 18 0 17 0 50 0 68 65 91 0 63 0 0 32 0 56 37 0 0 0 0 0 0 70 0 0 3 73 56 0 0 4 0 0 98 36 66 51 87 82 0 51 96 38 81 89 0 0 14 93 97 0 71 34 0 0 50 16 0 0 39 56 0 0 92 5 0 0 62 78 
0 54 0 100 60 0 0 66 0 0 82 0 65 92 0 4 0 68 89 90 0 0 0 70 0 0 0 2 0 0 0 0 0 0 0 0 0 53 0 67 0 70 38 0 75 0 31 84 0 0 0 25 0 0 86 76 0 57 0 47 50 85 91 0 0 0 0 99 88 0 0 6 0 0 0 69 49 52 35 0 58 2 0 0 0 0 0 13 59 0 71 0 0 69 74 0 51 0 0 95 0 4 32 0 0 0 78 0 0 95 69 58 39 0 74 0 0 0 4 0 7 53 0 0 0 35 0 46 65 13 58 96 26 4 9 56 0 68 10 86 0 0 78 0 45 0 62 14 23 97 
0 57 0 55 0 0 0 72 43 0 0 13 77 0 0 84 71 85 98 51 0 0 20 0 59 0 0 75 0 36 86 0 41 75 97 0 0 0 42 0 47 18 98 0 98 33 0 99 0 0 29 74 59 3 54 0 29 0 54 0 0 46 0 9 14 0 0 24 60 10 98 94 0 46 30 13 53 0 0 0 3 0 98 32 78 0 60 0 22 0 19 55 48 54 75 0 72 12 0 48 23 0 12 43 16 0 0 67 4 50 0 24 0 79 0 26 0 0 0 0 73 0 0 84 96 0 59 0 19 83 0 39 0 66 54 38 0 18 0 92 9 79 100 14 67 6 0 0 0 0 
0 0 0 37 0 0 0 46 0 29 0 0 72 0 0 10 44 84 12 0 0 20 0 0 0 0 0 91 45 12 52 0 0 55 18 46 0 0 45 52 0 71 68 68 31 99 32 0 14 29 32 94 0 0 0 42 0 43 0 40 0 0 30 2 0 0 0 25 0 64 0 8 0 0 63 43 0 43 0 0 0 62 0 0 34 0 0 0 33 21 51 0 59 0 41 0 0 0 100 0 53 0 47 92 0 5 76 82 95 15 0 65 70 27 17 14 59 4 72 73 21 21 0 0 34 69 0 62 0 49 51 59 0 34 0 0 37 0 77 75 95 2 6 61 4 18 12 74 17 0 
0 0 67 0 35 0 42 0 94 0 91 63 80 0 84 0 0 64 43 54 70 0 0 0 0 75 22 0 30 0 0 0 24 0 0 46 22 44 89 78 0 0 51 0 76 0 0 20 0 0 75 59 0 0 10 0 28 0 0 0 0 90 0 0 25 0 0 0 0 8 37 81 83 0 0 34 0 0 0 44 35 79 81 77 27 53 0 0 0 0 0 0 2 0 54 28 98 0 0 0 53 68 67 0 0 0 0 0 0 53 0 0 76 87 0 84 0 54 19 17 0 0 0 59 9 44 88 0 29 36 85 0 49 37 0 79 62 99 10 27 0 0 59 0 85 93 55 96 9 25 
31 73 0 22 0 95 70 82 64 23 0 0 0 0 16 52 46 90 1 20 0 59 0 0 0 64 0 74 0 96 0 72 0 22 15 0 48 87 68 71 0 54 61 81 90 32 46 19 89 0 95 0 0 17 0 8 0 75 0 0 5 1 100 0 0 87 63 0 0 0 92 0 87 0 29 40 0 38 28 85 50 17 46 0 0 39 0 60 39 0 3 52 0 48 24 34 64 0 0 0 59 0 95 85 0 12 0 42 53 0 0 0 0 7 0 0 68 72 75 33 60 0 31 33 85 0 0 0 46 25 27 28 98 41 0 17 41 81 0 82 0 56 34 0 92 0 60 86 59 34 
96 82 0 0 32 0 68 83 0 67 28 0 29 0 0 0 0 0 68 12 0 0 0 75 64 0 55 13 0 4 48 0 18 0 95 47 97 6 0 0 72 0 0 0 0 86 24 41 0 0 0 0 22 36 100 0 93 86 67 41 0 6 94 0 0 63 0 91 78 26 0 0 0 41 83 54 51 97 88 76 0 67 50 0 0 0 0 60 10 0 5 51 65 0 0 92 0 0 28 29 11 0 0 82 81 96 0 0 0 59 0 0 0 62 83 76 39 0 10 0 29 72 17 83 68 0 50 77 0 11 80 0 0 21 0 80 0 0 0 90 0 0 95 86 0 93 0 80 0 64 
0 0 49 0 0 81 58 0 57 15 0 0 3 94 20 0 44 1 73 56 0 0 0 22 0 55 0 22 0 0 66 0 5 0 0 3 0 70 0 15 0 17 55 0 100 0 100 0 0 0 39 45 0 79 39 42 76 82 16 90 0 0 89 0 66 0 31 71 83 0 71 0 32 100 2 0 19 94 89 97 0 0 53 80 78 0 41 0 48 44 0 82 0 0 86 70 0 2 40 0 0 60 83 27 0 94 3 0 0 98 0 85 62 0 74 12 0 0 76 11 53 25 0 0 78 0 0 0 0 0 43 0 66 11 0 0 0 35 93 76 0 7 71 2 44 0 0 41 19 0 
0 85 0 0 0 65 26 37 69 39 34 0 12 5 60 56 0 47 38 0 2 75 91 0 74 13 22 0 0 0 0 0 42 80 0 0 0 79 0 5 28 0 5 0 0 0 19 20 46 17 4 59 19 0 0 0 0 0 0 13 30 0 0 0 83 0 91 65 89 0 69 55 0 0 69 32 0 0 61 0 25 0 68 24 75 27 0 0 93 0 26 0 0 89 42 0 0 89 61 16 47 17 94 82 0 33 4 0 46 0 77 0 52 100 12 30 0 0 54 48 100 60 0 61 0 0 0 80 68 0 79 58 33 54 0 0 0 0 0 17 0 0 0 72 0 91 20 0 0 0 
26 83 73 0 18 37 78 79 72 0 90 96 0 71 0 77 23 61 0 0 0 0 45 30 0 0 0 0 0 0 0 12 0 92 98 0 0 58 0 0 58 56 0 34 0 0 28 36 0 0 45 60 83 70 8 0 0 30 0 71 0 21 0 0 0 0 16 43 0 0 0 0 0 92 16 0 88 34 0 54 0 0 19 0 0 70 13 14 47 0 65 41 55 0 0 48 0 58 0 32 0 40 0 0 67 43 0 81 30 0 0 64 0 38 42 46 77 0 99 63 35 28 0 32 10 0 0 76 0 87 73 0 27 0 9 0 10 0 68 60 0 71 0 0 53 0 0 0 56 0 
0 0 41 0 1 30 83 13 0 75 0 48 27 15 67 17 0 0 0 23 0 36 12 0 96 4 0 0 0 0 2 4 0 52 0 24 14 0 40 10 24 47 3 69 15 47 10 0 0 0 10 26 0 0 59 0 44 0 66 0 0 28 46 100 96 19 37 1 0 58 0 13 0 89 26 91 0 0 9 0 0 70 0 0 61 60 16 48 98 0 45 40 0 26 1 32 39 41 0 4 31 0 0 0 25 0 74 0 16 43 41 0 79 0 0 0 84 40 0 0 0 0 29 0 0 75 62 13 0 83 18 0 0 0 0 52 49 0 99 59 0 47 53 0 0 0 32 24 17 62 
0 0 92 73 35 0 65 29 0 0 38 50 0 0 29 0 96 0 0 34 0 86 52 0 0 48 66 0 0 2 0 0 84 95 0 54 0 55 33 79 55 55 34 94 68 0 24 8 0 83 0 0 0 10 0 0 0 0 0 42 50 0 8 78 98 0 38 72 0 0 7 15 0 8 16 0 0 0 92 0 37 4 0 31 47 2 12 9 0 0 36 68 41 45 0 50 46 0 0 0 0 0 75 36 3 0 0 0 15 27 96 0 0 40 0 0 0 0 0 0 0 70 0 0 0 66 0 0 0 0 55 0 62 29 54 0 0 0 71 61 51 0 0 0 40 0 0 44 0 0 
0 98 0 0 0 51 0 0 0 0 0 27 42 0 0 58 0 0 0 0 0 0 0 0 72 0 0 0 12 4 0 0 15 0 47 59 24 29 0 66 66 90 50 23 0 58 0 35 0 0 21 46 0 0 33 62 73 0 51 2 0 55 89 29 0 98 55 51 100 0 50 0 16 84 28 0 0 79 0 97 0 0 22 0 0 41 0 65 65 70 49 33 93 0 44 0 0 10 0 36 43 47 69 0 0 8 80 0 0 84 0 75 64 33 0 0 0 5 0 52 36 100 0 0 39 26 0 41 0 29 0 86 15 52 16 50 0 82 57 0 98 68 0 0 0 0 0 0 45 80 
60 24 0 0 0 0 0 62 96 0 0 2 26 28 74 0 0 5 46 56 0 41 0 24 0 18 5 42 0 0 84 15 0 90 91 17 0 26 59 93 58 67 0 47 51 0 0 0 11 54 82 0 36 0 66 0 0 43 27 82 0 0 34 30 0 44 0 0 92 91 69 41 0 0 29 0 46 87 32 0 41 55 0 99 94 75 1 58 41 34 0 75 0 0 0 92 42 89 59 0 0 0 22 73 81 0 0 78 0 63 47 0 1 48 65 0 0 0 30 29 0 0 0 16 0 77 0 0 50 0 22 26 0 78 0 16 29 14 0 30 0 50 36 0 7 0 0 92 0 0 
0 0 42 95 16 0 0 0 12 0 8 0 67 67 98 0 15 19 81 87 0 75 55 0 22 0 0 80 92 52 95 0 90 0 0 0 33 0 78 8 18 23 0 20 40 19 37 0 0 98 0 84 86 0 0 27 0 98 16 0 0 3 0 0 0 0 0 0 0 0 0 0 90 38 0 0 0 0 11 36 0 0 43 0 0 54 4 0 0 25 41 33 50 0 0 0 0 0 0 0 0 36 0 0 0 93 0 0 0 37 0 24 0 0 0 0 52 0 41 20 10 0 54 8 0 23 0 78 0 0 74 0 0 88 80 0 39 17 0 84 92 99 0 0 0 62 0 77 0 0 
69 99 38 20 0 82 55 39 43 0 0 0 2 0 92 10 0 0 0 60 0 97 18 0 15 95 0 0 98 0 0 47 91 0 0 81 0 53 90 0 0 63 64 0 37 0 0 19 62 27 69 0 0 0 98 27 0 93 0 25 32 0 0 80 62 90 0 84 95 0 0 99 74 0 10 0 7 5 0 71 55 65 100 59 78 32 63 87 0 0 76 0 78 59 74 0 0 40 84 2 0 0 37 0 0 100 17 54 63 4 2 0 45 0 0 3 26 86 0 0 0 89 53 0 41 0 92 91 100 96 0 63 0 0 0 20 0 0 0 71 87 0 0 67 41 0 0 0 0 90 
92 0 0 0 0 0 0 0 0 0 28 0 78 0 0 20 0 29 46 17 0 0 46 46 0 47 3 0 0 24 54 59 17 0 81 0 53 94 39 11 49 0 96 0 0 0 0 0 28 16 51 0 0 0 19 0 18 14 0 0 99 6 31 0 43 0 36 6 66 0 38 0 48 5 9 40 0 0 26 0 0 79 96 0 0 0 56 44 0 0 31 84 0 31 0 0 58 0 19 0 34 16 46 0 88 0 10 53 0 73 0 62 6 0 48 38 0 95 0 0 38 0 0 0 76 0 65 0 0 0 70 0 96 92 14 50 23 0 80 3 64 0 66 61 0 72 1 0 0 39 
57 100 41 0 0 94 0 0 77 0 69 23 83 86 0 0 0 0 0 0 0 0 0 22 48 97 0 0 0 14 0 24 0 33 0 53 0 0 0 11 22 0 73 0 82 0 46 0 0 57 0 28 0 0 0 0 0 51 52 54 0 38 0 90 0 81 31 0 64 14 0 50 18 62 44 0 0 14 23 70 43 80 0 44 51 0 83 0 0 0 0 0 0 29 14 95 23 76 0 0 25 100 77 0 82 94 0 95 0 0 0 0 23 2 28 47 0 92 93 0 0 0 59 99 80 0 36 77 0 0 0 0 22 38 0 65 44 0 0 7 0 0 0 87 0 0 0 43 0 0 
82 84 70 79 0 69 57 0 0 0 9 0 42 18 0 0 0 17 69 78 53 0 0 44 87 6 70 79 58 0 55 29 26 0 53 94 0 0 81 61 39 0 62 0 79 0 3 0 0 12 0 0 0 68 0 0 0 37 5 27 0 79 34 3 69 0 0 4 68 46 0 53 0 0 0 37 34 37 19 6 73 13 59 99 0 64 5 0 0 63 0 0 0 0 99 85 72 86 60 0 0 70 0 0 46 0 8 0 84 0 59 38 93 0 59 81 0 64 73 76 0 74 71 24 0 83 36 0 13 0 42 0 48 75 0 25 0 100 1 96 0 96 15 51 33 33 0 0 0 42 
0 76 64 69 0 53 0 34 33 59 80 24 54 0 0 0 0 0 88 59 0 42 45 89 68 0 0 0 0 40 33 0 59 78 90 39 0 81 0 23 0 0 0 11 0 0 33 48 0 0 20 47 47 0 0 73 0 15 0 48 0 0 80 21 10 39 61 0 81 89 0 0 0 54 0 0 68 0 0 0 69 0 0 42 32 47 0 13 56 0 0 0 74 17 0 0 81 0 0 0 34 2 53 9 0 0 68 97 31 89 8 0 25 49 0 0 73 0 92 37 47 0 0 25 90 78 0 68 100 0 0 0 0 84 0 0 0 73 0 0 47 16 97 0 37 0 0 44 0 85 
63 22 0 0 99 24 91 84 0 0 67 0 40 0 9 0 91 40 98 0 67 0 52 78 71 0 15 5 0 10 79 66 93 8 0 11 11 61 23 0 25 0 0 0 19 0 85 0 10 0 69 37 60 97 68 23 0 0 0 0 56 0 34 0 82 69 35 92 16 82 0 0 88 36 0 0 10 0 8 0 9 53 70 3 10 0 0 0 0 17 67 0 0 0 0 84 0 24 0 1 0 61 63 30 95 0 64 0 5 0 98 15 31 54 0 98 91 34 0 53 22 18 0 0 0 0 71 59 77 97 17 0 79 87 59 43 0 0 75 23 6 0 0 10 0 99 0 0 0 77 
82 0 50 38 24 0 96 85 0 98 91 0 0 0 0 0 80 2 0 0 0 47 0 0 0 72 0 28 58 24 55 66 58 18 0 49 22 39 0 25 0 0 0 6 0 93 89 63 0 81 0 5 97 60 0 18 4 0 45 13 46 0 13 14 55 29 0 69 0 66 9 0 93 97 0 0 33 0 42 86 79 6 0 16 42 29 47 0 13 65 1 100 0 0 0 0 56 0 14 20 24 11 75 26 64 88 15 40 99 85 95 0 70 60 100 0 0 0 0 39 23 28 0 0 24 16 0 5 23 97 0 66 94 0 0 0 82 0 0 0 0 26 53 45 0 0 0 21 0 97 
0 9 98 0 43 0 0 0 90 0 69 4 98 16 18 10 0 78 0 0 70 18 71 0 54 0 17 0 56 47 55 90 67 23 63 0 0 0 0 0 0 0 24 61 0 42 0 24 0 0 53 0 82 50 55 0 0 19 0 55 0 37 0 73 95 0 29 0 32 77 62 0 0 46 0 0 60 37 0 0 11 22 0 95 9 95 66 0 15 0 7 0 65 53 0 0 0 0 48 0 0 30 0 30 0 0 81 0 51 49 0 24 66 0 0 0 0 0 10 35 46 0 39 97 54 74 0 0 0 93 0 91 0 61 0 0 60 0 53 0 15 0 41 10 0 0 0 97 76 34 
0 19 56 0 86 30 69 15 0 0 0 55 32 0 0 0 4 0 16 0 38 98 68 51 61 0 55 5 0 3 34 50 0 0 64 96 73 62 0 0 0 24 0 99 0 0 0 71 46 90 22 67 9 35 0 82 0 75 0 66 86 18 39 0 62 80 98 0 54 0 31 44 10 27 0 0 54 64 32 0 32 61 20 0 77 0 30 0 0 0 0 0 0 62 42 0 0 85 0 0 11 53 25 100 26 5 82 0 97 61 8 84 89 0 22 81 0 37 12 11 83 0 57 25 0 95 0 0 97 90 71 0 0 0 60 81 0 0 0 40 26 64 46 28 0 21 56 35 83 0 
47 6 17 0 24 0 36 12 41 0 0 0 0 31 29 96 13 0 81 0 0 0 68 0 81 0 0 0 34 69 94 23 47 20 0 0 0 0 11 0 6 61 99 0 34 0 52 0 52 12 8 0 89 0 94 35 71 55 70 0 85 32 0 74 52 0 0 0 0 58 68 0 0 0 61 7 0 0 33 0 41 30 0 0 77 41 0 0 0 72 29 0 0 0 10 66 5 100 34 0 59 99 0 0 0 84 85 0 0 19 0 0 0 62 0 75 47 79 1 49 23 69 71 8 36 79 0 82 52 75 0 0 16 33 0 0 87 63 0 98 0 16 0 49 24 97 0 0 0 77 
22 70 0 97 56 0 0 0 0 0 2 6 0 0 0 22 55 0 86 21 75 98 31 76 90 0 100 0 0 15 68 0 51 40 37 0 82 79 0 19 0 0 0 34 0 0 0 0 6 0 0 19 6 99 0 0 33 0 0 0 79 0 56 86 0 72 60 0 86 89 0 41 34 69 79 12 27 71 0 42 0 0 69 0 0 82 0 81 94 46 88 37 0 92 0 0 0 0 88 0 0 0 0 21 0 0 79 5 62 0 0 0 4 0 0 89 49 0 25 1 0 0 77 0 24 0 0 0 9 9 81 0 0 31 0 60 0 29 74 86 84 64 0 61 11 41 54 0 8 0 
0 0 75 0 10 0 0 0 30 0 0 0 0 0 97 22 0 0 0 12 0 33 99 0 32 86 0 0 0 47 0 58 0 19 0 0 0 0 0 0 93 42 0 0 0 0 0 0 0 96 15 20 59 67 0 48 0 0 0 17 0 0 0 0 3 0 48 60 9 30 41 0 0 0 0 49 0 0 0 0 22 13 0 0 29 0 0 0 67 20 62 0 12 0 9 63 19 0 0 90 0 0 0 0 0 91 83 0 0 0 33 0 47 73 43 98 0 0 4 0 0 0 0 0 39 0 39 90 0 45 79 10 91 0 78 0 31 24 0 57 39 17 0 0 24 70 1 32 53 0 
2 0 75 0 0 83 63 0 94 0 36 16 54 0 11 58 52 0 42 0 31 0 32 0 46 24 100 19 28 10 24 0 0 37 0 0 46 3 33 85 89 0 0 52 0 0 0 30 44 51 73 44 90 0 0 53 0 0 7 0 41 0 0 0 0 15 9 90 0 33 0 73 69 40 25 72 49 0 0 0 20 49 78 40 22 28 23 0 0 0 35 53 0 85 0 58 92 0 60 74 87 0 3 7 0 51 0 0 90 38 0 39 27 89 0 0 0 60 53 0 0 28 56 10 0 0 30 0 90 0 52 89 66 0 0 0 33 0 96 0 0 0 0 91 71 0 12 0 8 62 
0 90 74 50 56 0 0 0 0 0 0 38 97 0 72 25 11 50 0 0 84 99 0 20 19 41 0 20 36 0 8 35 0 0 19 0 0 0 48 0 63 24 71 0 0 0 30 0 9 48 50 22 0 0 0 33 82 0 0 99 18 0 0 0 18 27 0 0 90 0 49 47 0 0 0 23 49 0 6 0 26 27 0 0 81 74 39 3 27 0 53 82 0 77 55 23 32 0 0 0 0 62 0 100 0 0 0 0 53 0 31 74 83 0 13 0 67 0 0 45 82 0 0 0 16 0 16 66 0 43 0 63 90 99 90 0 0 67 0 0 60 0 0 0 36 0 0 0 12 0 
58 0 80 3 43 81 43 0 0 88 72 0 0 0 56 81 0 8 27 2 0 0 14 0 89 0 0 46 0 0 0 0 11 0 62 28 0 0 0 10 0 0 46 52 6 0 44 9 0 0 0 0 13 78 0 96 6 0 0 0 0 66 0 0 0 0 50 62 0 65 54 64 17 0 68 0 19 0 27 10 41 55 0 11 60 0 0 60 41 0 10 58 12 43 55 22 8 16 0 55 86 0 0 58 0 9 0 0 0 0 56 0 22 5 0 22 73 0 66 93 0 0 67 97 99 0 0 0 31 0 0 0 0 17 73 24 80 0 0 61 1 0 72 84 0 84 0 86 0 76 
0 65 0 98 0 47 0 0 0 0 0 6 90 86 14 0 0 34 0 53 0 0 29 0 0 0 0 17 0 0 83 0 54 98 27 16 57 12 0 0 81 0 90 12 0 96 51 48 0 0 0 96 32 0 0 0 61 0 13 0 45 50 32 85 32 40 72 86 0 0 3 12 0 0 0 52 97 0 77 94 0 63 9 65 24 0 60 0 0 42 97 0 0 0 14 0 0 76 0 81 79 87 0 0 54 30 74 0 70 8 29 0 0 0 66 0 50 15 22 8 0 0 0 0 0 0 36 0 98 0 95 1 0 38 0 0 0 38 0 82 90 0 0 94 0 0 0 6 0 0 
51 98 0 59 79 92 78 0 23 1 1 54 40 0 0 61 82 0 46 29 0 29 32 75 95 0 39 4 45 10 0 21 82 0 69 51 0 0 20 69 0 53 22 8 0 15 73 50 0 0 0 100 0 68 0 0 10 53 19 48 0 0 32 3 50 16 15 35 10 0 45 96 0 15 86 100 0 6 0 80 0 0 70 99 0 0 0 0 20 41 0 0 38 0 12 0 99 22 0 0 9 9 66 0 35 0 16 60 98 3 53 0 0 21 56 0 99 36 0 47 61 42 11 0 93 0 74 0 27 15 27 82 50 45 0 85 45 39 0 0 0 0 34 0 73 0 94 43 0 0 
11 73 90 69 98 33 74 0 5 91 0 22 55 0 0 0 73 51 0 99 25 74 94 59 0 0 45 59 60 26 0 46 0 84 0 0 28 0 47 37 5 0 67 0 19 20 44 22 0 96 100 0 0 0 94 0 0 10 0 0 0 49 0 60 0 73 0 0 77 27 50 0 0 0 83 42 0 88 93 79 0 78 0 0 0 6 48 89 0 0 49 41 0 0 0 66 0 81 0 0 0 0 31 37 45 0 73 41 0 83 77 0 34 0 0 89 40 0 0 0 75 0 0 0 79 0 0 86 0 92 100 7 0 35 0 33 0 10 92 0 81 59 81 18 61 81 0 46 0 92 
92 29 65 0 95 58 0 0 98 0 66 100 92 100 15 0 66 0 88 7 0 59 0 0 0 22 0 19 83 0 0 0 36 86 0 0 0 0 47 60 97 82 9 89 6 59 90 0 13 32 0 0 0 0 20 45 0 26 75 2 61 34 0 0 85 0 0 40 0 25 0 71 0 1 0 70 43 0 10 0 89 0 0 29 59 55 100 0 50 28 0 0 62 5 0 54 0 0 23 80 21 22 0 0 0 77 0 52 82 47 0 0 72 0 0 18 14 30 79 0 9 41 0 0 0 23 100 0 14 61 11 0 90 16 90 47 0 0 82 19 3 37 15 12 78 0 46 0 0 2 
0 0 0 0 0 0 0 75 92 54 77 0 84 9 0 10 98 0 66 15 0 3 0 0 17 36 79 0 70 0 10 0 0 0 0 0 0 68 0 97 60 50 35 0 99 67 0 0 78 0 68 0 0 0 72 51 28 0 76 0 86 24 47 0 50 97 86 0 0 50 91 0 0 0 75 0 0 35 0 61 38 0 0 19 0 0 12 0 2 0 85 39 87 0 41 0 46 34 87 0 0 0 10 0 29 10 10 58 0 12 38 0 2 99 26 44 0 76 0 72 0 97 0 0 53 98 0 52 38 0 0 0 0 16 69 68 0 96 84 49 97 53 53 67 0 0 0 0 76 34 
14 0 0 49 27 19 91 0 37 37 94 0 27 81 87 74 15 0 39 36 86 54 0 10 0 100 39 0 8 59 0 33 66 0 98 19 0 0 0 68 0 55 0 94 0 0 0 0 0 0 0 94 20 72 0 0 99 0 8 0 0 74 0 100 75 0 0 70 0 55 0 0 0 44 0 0 72 0 12 0 0 36 82 79 0 84 0 56 0 29 0 28 41 0 16 15 0 0 18 0 0 0 0 0 0 0 0 7 44 0 0 0 0 83 0 99 66 77 6 0 78 0 0 30 71 60 28 89 0 59 0 0 41 0 0 0 0 42 86 25 15 76 87 39 0 65 0 34 92 0 
14 18 81 41 18 100 0 0 8 14 67 0 1 0 59 55 64 63 0 60 76 0 42 0 8 0 42 0 0 0 0 62 0 27 27 0 0 0 73 23 18 0 82 35 0 48 53 33 96 0 0 0 45 51 0 0 52 7 100 0 0 0 47 16 0 0 31 44 0 0 0 0 4 0 28 0 91 89 0 39 0 16 88 0 0 0 70 13 0 79 26 23 0 82 0 36 0 0 68 0 0 0 72 19 61 0 99 89 65 0 0 0 57 0 0 28 1 57 45 0 0 16 0 0 57 45 0 0 60 0 0 0 0 0 74 0 0 0 51 7 1 0 0 0 33 0 20 69 0 48 
0 0 0 27 74 77 63 0 0 0 32 0 0 60 32 64 0 0 71 45 0 29 0 28 0 93 76 0 0 44 0 73 0 0 0 18 0 0 0 0 4 0 0 71 33 0 0 82 6 61 10 0 0 28 99 52 0 27 21 0 86 9 0 76 43 66 76 0 85 0 26 0 0 7 42 0 70 0 0 22 61 79 3 76 35 0 0 0 99 43 0 42 0 0 71 15 34 22 25 0 74 73 73 21 84 0 0 0 39 0 96 65 0 1 0 86 0 59 50 80 58 0 0 74 0 89 83 4 72 74 0 0 13 0 0 40 8 27 0 49 0 0 60 3 0 0 69 0 25 0 
0 0 18 0 0 0 4 0 0 0 0 83 0 96 42 99 0 0 0 0 57 0 43 0 75 86 82 0 30 0 0 0 43 98 93 14 51 37 15 0 0 19 75 55 0 0 0 0 0 0 53 10 26 0 0 7 27 0 64 91 26 76 0 9 0 35 18 8 97 0 0 75 0 88 100 5 61 82 83 40 0 0 62 36 52 0 0 0 75 0 4 0 0 79 0 0 0 50 0 0 98 49 0 37 94 7 0 97 74 0 32 0 87 91 0 13 4 78 0 10 6 0 61 84 0 0 57 0 23 21 0 93 13 0 65 0 0 3 19 54 98 0 0 0 76 0 27 0 14 34 
0 0 0 87 0 0 67 92 0 0 7 4 19 52 56 0 0 66 81 0 0 54 0 0 0 67 16 0 0 66 0 51 27 16 0 0 52 5 0 0 45 0 0 70 0 0 7 0 0 13 19 0 75 76 8 100 21 64 0 0 0 14 0 0 0 0 1 0 64 92 16 45 60 51 49 0 0 98 0 10 0 30 57 0 0 23 19 0 67 69 56 0 44 35 27 49 85 72 0 0 0 47 0 0 12 18 49 62 65 31 38 0 75 0 0 0 40 0 42 43 0 94 11 0 83 79 0 0 0 0 51 49 0 82 32 0 70 29 92 55 0 0 26 0 63 0 73 0 0 24 
0 81 24 0 0 0 37 99 29 98 63 57 29 0 83 38 10 33 2 0 47 0 40 0 0 41 90 13 71 0 42 2 82 0 25 0 54 27 48 0 13 55 66 0 0 17 0 99 0 0 48 0 2 0 0 0 0 91 0 0 18 0 0 0 5 42 0 0 11 0 0 0 0 36 0 0 0 14 81 60 0 87 71 1 88 39 46 0 23 34 0 0 97 87 0 66 0 82 67 54 0 0 60 86 10 0 0 97 96 54 13 0 63 0 77 61 70 0 30 4 0 0 0 52 35 0 0 41 40 0 2 62 89 88 0 50 0 58 83 57 0 0 0 56 0 77 92 29 54 19 
0 36 10 0 0 22 0 0 0 0 0 74 44 55 0 0 0 44 46 0 50 0 0 0 5 0 0 30 0 0 50 0 0 0 32 99 0 0 0 56 46 0 86 85 79 0 41 18 0 45 0 0 61 86 0 0 86 26 0 18 0 67 87 0 0 0 0 0 10 93 79 96 73 71 0 0 0 0 64 96 0 0 0 0 0 74 85 44 0 76 25 26 0 15 48 19 16 53 0 9 0 95 0 0 0 39 45 65 85 54 53 82 19 45 60 0 0 0 0 6 0 79 54 20 16 58 0 85 46 55 0 54 0 0 0 0 0 73 0 22 97 0 95 0 16 0 0 55 0 0 
2 78 66 72 0 0 0 30 27 0 40 36 18 29 24 0 0 75 59 0 85 46 0 90 1 6 0 0 21 28 0 55 0 3 0 6 38 79 0 0 0 37 18 32 0 0 0 0 66 50 0 49 34 24 74 0 9 76 14 0 67 0 79 0 0 0 54 81 40 26 89 0 92 0 56 0 0 0 0 52 22 0 10 38 0 2 0 21 33 0 24 94 65 83 12 38 85 0 66 33 93 0 0 0 39 26 0 26 0 98 0 25 0 0 0 0 7 81 77 0 0 58 84 60 0 47 13 0 65 55 0 0 77 0 17 51 0 61 80 0 47 0 0 6 0 54 63 0 0 0 
74 0 44 46 0 67 90 11 0 0 0 0 47 0 26 0 0 55 0 8 91 0 30 0 100 94 89 0 0 46 8 89 34 0 0 31 0 34 80 34 13 0 39 0 56 0 0 0 0 32 32 0 0 47 0 47 0 0 0 0 87 79 0 0 3 0 11 58 0 83 24 0 0 22 0 48 66 81 33 0 0 0 88 91 99 89 0 0 17 0 0 89 100 0 98 48 75 95 0 69 0 0 0 27 1 0 0 0 0 0 45 0 0 0 0 92 54 47 0 0 0 0 27 48 68 53 86 19 16 58 0 0 60 0 21 88 52 0 0 55 20 0 39 43 67 8 0 26 81 0 
68 69 39 6 95 41 48 0 10 0 0 0 24 0 0 60 36 0 34 0 0 9 2 0 0 0 0 0 0 100 78 29 30 0 80 0 90 3 21 0 14 73 0 74 86 0 0 0 0 85 3 60 0 0 100 16 76 9 0 0 0 0 0 0 56 0 82 83 40 0 11 91 93 0 56 0 76 0 18 0 0 52 80 94 58 2 21 0 8 0 0 0 0 3 0 0 0 67 38 0 35 61 0 0 5 0 0 53 0 44 0 0 0 0 77 0 86 0 33 0 0 0 94 0 0 0 45 0 42 0 0 82 24 0 42 0 0 0 12 85 98 0 35 0 10 65 0 16 75 0 
36 65 0 0 1 39 0 94 96 89 99 0 65 0 13 0 0 71 0 39 0 14 0 25 0 0 66 83 0 96 98 0 0 0 62 43 0 69 10 82 55 95 62 52 0 3 0 18 0 32 50 0 85 50 75 0 43 0 0 5 0 0 3 56 0 0 0 0 0 0 26 57 0 0 60 80 50 74 0 70 0 0 59 0 81 0 33 0 0 64 0 31 86 59 0 39 80 0 77 0 0 0 29 19 16 82 90 15 0 69 11 100 0 0 0 0 5 0 13 30 0 0 14 25 0 24 0 15 49 0 0 5 0 52 0 0 48 0 70 89 92 0 13 78 0 0 0 21 44 0 
0 31 30 80 0 97 42 43 42 66 26 64 18 18 27 55 78 55 0 54 0 0 0 0 87 63 0 0 0 19 0 98 44 0 90 0 81 0 39 69 29 0 80 0 72 0 15 27 0 40 16 73 0 97 0 0 66 35 0 42 0 0 0 0 0 0 3 55 2 40 0 68 3 53 0 21 66 22 0 54 37 0 0 0 0 20 20 0 0 62 0 76 100 93 37 0 2 26 0 59 95 0 12 47 0 83 0 70 0 26 29 0 8 0 0 0 0 54 36 70 64 1 0 87 86 44 63 8 85 42 86 93 63 0 0 0 0 0 0 0 0 0 0 0 33 26 0 0 0 0 
19 91 46 0 0 0 81 0 90 0 0 20 65 0 5 53 25 29 0 0 0 0 0 0 63 0 31 91 16 37 38 55 0 0 0 36 31 0 61 35 0 29 98 0 60 48 9 0 50 72 15 0 0 86 0 31 76 18 1 0 0 54 11 82 0 3 0 67 21 63 0 58 39 70 13 0 0 0 0 0 2 46 0 0 61 0 79 0 54 66 75 40 0 0 0 40 83 48 9 0 0 77 0 0 85 54 30 3 25 66 24 0 35 16 0 64 82 0 94 52 44 15 100 0 44 0 0 30 59 26 0 29 86 51 0 0 0 58 74 80 0 0 82 0 5 0 0 42 83 6 
0 0 19 0 22 0 22 53 70 59 0 45 0 0 88 93 0 0 88 18 99 24 25 0 0 91 71 65 43 1 72 51 0 0 84 6 0 4 0 92 69 0 0 0 0 60 90 0 62 86 35 0 40 0 70 44 0 8 0 0 0 81 58 83 0 55 67 0 0 0 72 9 63 98 4 20 57 85 0 18 0 0 99 59 64 27 0 99 0 18 76 36 89 80 70 67 0 0 0 0 63 0 58 14 0 0 11 0 6 0 25 0 0 0 0 0 0 76 39 0 0 0 52 0 35 43 0 36 0 0 27 25 28 0 0 66 89 0 0 0 0 41 69 0 0 46 30 39 0 14 
0 0 63 83 13 48 0 0 14 0 82 0 0 58 0 0 89 99 0 83 88 60 0 0 0 78 83 89 0 0 0 100 92 0 95 66 64 68 81 16 0 32 54 0 86 9 0 90 0 0 10 77 0 0 0 0 85 97 64 11 10 40 0 40 0 2 21 0 0 100 35 76 0 0 0 0 82 0 41 0 0 0 71 77 46 16 0 81 0 49 0 0 65 93 32 75 7 97 95 0 20 4 0 0 14 75 0 19 15 0 0 10 77 0 0 25 69 0 0 0 22 0 42 7 32 80 83 20 0 0 81 73 0 0 38 0 87 0 77 0 36 0 35 0 62 0 0 0 0 42 
0 34 0 71 0 17 31 69 0 69 72 63 3 4 79 30 31 0 33 81 0 10 64 8 0 26 0 0 0 58 0 0 91 0 0 0 14 46 89 82 66 77 0 58 89 30 33 0 65 0 0 27 25 50 55 0 0 0 92 0 93 26 83 0 0 40 63 0 100 0 7 69 0 19 94 95 16 0 0 94 57 55 0 65 0 34 0 96 96 89 0 0 48 90 0 9 0 29 19 81 5 0 91 0 0 83 7 15 0 0 0 0 62 95 52 0 0 0 0 85 0 17 13 0 0 68 54 98 0 0 0 0 0 0 0 0 67 0 0 0 79 49 98 55 63 74 57 0 100 0 
0 61 91 0 73 0 91 0 1 52 68 0 0 52 0 12 31 78 0 94 0 98 0 37 92 0 71 69 0 0 7 50 69 0 0 38 0 0 0 0 9 62 31 68 0 41 0 49 54 3 45 50 0 91 0 0 26 0 16 0 79 89 24 11 26 0 0 72 35 7 0 0 0 0 65 0 0 5 75 0 15 83 0 54 23 0 0 39 49 10 73 11 0 0 0 4 0 5 70 0 63 21 4 47 29 39 93 0 0 64 30 0 89 0 40 9 0 0 0 17 0 0 0 0 11 6 93 27 97 8 28 89 0 34 0 23 52 0 33 0 57 22 0 17 30 27 46 0 0 0 
0 0 43 0 8 0 52 0 52 52 40 94 42 0 66 98 34 0 80 0 6 94 8 81 0 0 0 55 0 13 15 0 41 0 99 0 50 53 0 0 0 0 44 0 41 0 73 47 64 12 96 0 71 0 0 0 0 75 45 0 96 0 0 91 57 68 58 9 76 69 0 0 40 92 0 19 0 40 15 81 8 96 37 0 0 0 70 68 95 51 0 0 0 0 0 49 95 4 0 0 0 15 65 0 97 54 0 0 0 6 33 95 42 18 89 0 0 0 0 0 0 0 0 48 0 0 79 0 0 61 0 53 0 20 22 53 0 0 23 4 0 0 3 0 75 0 58 0 0 0 
47 69 28 0 0 96 94 0 0 4 0 2 61 60 0 0 11 76 0 43 0 0 0 83 87 0 32 0 0 0 0 16 0 90 74 48 18 0 0 88 93 0 10 0 34 0 69 0 17 0 0 0 0 0 0 4 0 0 60 0 73 92 0 93 0 3 39 63 0 0 0 40 0 0 73 0 0 57 0 12 0 39 0 51 0 0 0 0 89 44 6 0 0 11 16 0 34 36 85 0 20 77 0 0 33 0 78 0 3 24 24 0 54 84 0 0 56 29 0 100 0 77 1 64 17 84 71 5 90 0 57 0 89 26 0 51 0 92 5 50 15 0 42 97 11 11 0 0 0 52 
0 0 0 0 0 51 71 23 81 0 0 70 0 0 62 51 3 0 0 0 0 46 0 0 0 41 100 0 92 89 8 84 0 38 0 5 62 0 54 36 97 46 27 0 69 0 40 0 0 0 15 0 1 0 44 0 7 88 51 36 71 0 22 0 0 53 70 98 0 19 0 92 0 0 93 17 0 24 0 0 91 76 0 67 0 0 0 32 0 5 75 27 4 17 0 0 97 0 0 2 35 0 88 55 63 78 46 73 44 0 0 45 0 0 35 0 0 79 32 0 47 79 16 85 0 0 25 0 31 0 80 0 0 0 0 0 15 52 0 0 0 0 29 36 81 3 16 57 46 0 
0 91 0 19 62 0 0 0 0 0 74 66 0 32 0 0 0 33 73 23 0 30 63 0 29 83 2 69 16 26 16 28 29 0 10 9 44 0 0 0 0 0 0 61 79 0 25 0 68 0 86 83 0 75 0 28 42 100 49 0 0 56 0 56 60 0 13 4 0 94 65 0 73 93 0 8 0 0 0 87 40 33 42 0 0 83 0 60 0 0 89 90 0 0 78 0 73 0 96 88 0 0 0 89 25 49 0 23 0 0 80 34 0 31 0 0 0 0 82 0 29 0 0 8 49 25 28 25 0 0 86 94 59 37 22 23 23 0 78 0 18 100 97 40 0 86 55 63 0 0 
17 3 40 0 52 0 9 63 25 86 67 57 19 61 31 10 89 68 0 13 69 13 43 34 40 54 0 32 0 91 0 0 0 0 0 40 0 37 0 0 0 0 0 7 12 49 72 23 0 52 100 42 70 0 0 0 0 5 0 0 0 0 48 0 80 21 0 20 0 95 0 19 0 17 8 0 0 0 81 0 33 71 76 95 2 41 81 97 76 0 0 90 0 55 0 0 58 72 0 71 0 7 0 48 34 7 0 0 0 21 83 0 49 0 0 37 0 50 0 48 83 0 43 26 0 0 0 0 0 0 68 0 0 18 13 71 39 0 0 0 82 62 16 0 77 0 54 94 0 0 
80 14 21 88 0 40 14 66 0 59 0 0 46 0 41 0 66 54 0 0 49 53 0 0 0 51 19 0 88 0 0 0 46 0 7 0 0 34 68 10 33 60 54 0 27 0 49 49 19 97 0 0 43 0 72 91 70 61 0 0 0 0 66 76 50 66 0 57 82 16 0 0 0 0 0 0 0 82 0 0 16 0 0 0 78 0 0 95 0 0 18 0 84 0 76 0 42 69 9 29 59 0 70 0 80 94 0 21 70 97 27 48 0 40 17 97 35 0 0 41 0 0 54 0 0 0 0 0 0 1 0 39 0 58 0 53 10 0 79 81 71 0 7 0 0 15 71 0 5 47 
0 0 0 91 70 0 0 43 15 0 0 29 0 2 61 12 90 0 14 0 52 0 43 0 38 97 94 0 34 0 0 79 87 0 5 0 14 37 0 0 0 37 64 0 71 0 0 0 0 0 6 88 0 35 0 89 0 82 98 14 0 0 81 0 74 22 0 85 0 0 5 40 57 24 0 0 82 0 0 0 98 0 0 42 75 37 0 87 0 0 0 0 0 49 0 76 33 0 0 0 27 0 99 0 0 84 0 62 41 23 0 43 88 0 57 41 0 16 41 20 0 0 72 57 21 13 78 3 0 0 0 88 22 12 0 25 59 40 0 72 77 0 25 59 59 45 18 89 11 0 
95 79 27 0 27 85 0 0 66 38 0 0 0 45 0 0 0 54 87 0 35 0 0 0 28 88 89 61 0 9 92 0 32 11 0 26 23 19 0 8 42 0 32 33 0 0 0 6 27 77 0 93 10 0 12 0 0 83 0 81 64 0 33 18 0 0 0 0 41 0 75 15 0 0 0 81 0 0 0 0 0 0 32 92 49 81 16 78 15 0 86 0 0 79 0 0 0 0 94 71 7 38 79 3 22 0 15 37 0 72 14 0 86 0 24 0 0 8 0 41 79 0 0 0 93 0 12 64 0 49 96 0 21 10 0 0 0 31 13 97 2 30 98 0 30 0 0 0 0 0 
58 69 0 52 0 55 26 0 30 22 13 84 0 0 0 0 0 87 0 77 0 0 0 44 85 76 97 0 54 0 0 97 0 36 71 0 70 6 0 0 86 0 0 0 42 0 0 0 10 94 80 79 0 61 0 39 22 40 10 60 96 52 0 0 70 54 0 18 0 94 0 81 12 0 87 0 0 0 0 0 0 79 2 62 0 46 0 19 0 59 0 4 0 0 45 0 19 17 75 90 79 6 48 0 84 0 83 38 59 0 30 0 44 10 0 0 57 0 92 0 57 0 0 0 0 0 69 16 0 0 0 0 91 44 53 75 0 99 0 1 93 34 0 49 0 0 0 0 96 60 
0 68 59 0 25 96 0 0 63 0 0 61 19 59 0 57 42 60 0 18 58 3 0 35 50 0 0 25 0 0 37 0 41 0 55 0 43 73 69 9 79 11 32 41 0 22 20 26 41 0 0 0 89 38 0 0 61 0 0 0 0 22 0 0 0 37 2 0 0 57 15 8 0 91 40 33 16 98 0 0 0 79 0 41 38 61 62 0 0 48 99 90 0 0 0 14 0 3 15 46 0 0 87 0 8 100 2 0 0 75 0 0 34 88 45 0 19 27 18 63 46 59 19 0 93 43 13 0 0 46 56 0 0 0 0 0 0 0 12 33 35 4 0 76 0 0 76 0 53 0 
63 28 50 0 40 92 37 18 3 0 12 0 55 0 65 0 0 0 5 0 2 0 62 79 17 67 0 0 0 70 4 0 55 0 65 79 80 13 0 53 6 22 61 30 0 13 49 27 55 63 0 78 0 0 36 16 79 0 30 87 0 0 0 52 0 0 46 0 0 55 83 96 39 76 33 71 0 0 0 79 79 0 16 0 53 0 44 0 0 63 0 38 0 68 60 0 54 0 66 0 0 48 71 82 61 0 0 0 0 67 0 9 0 76 69 9 0 66 0 45 0 74 53 39 36 0 66 0 67 22 72 0 0 66 47 39 0 49 0 17 0 2 0 0 0 29 0 27 46 0 
0 32 17 0 91 0 3 0 0 0 98 0 97 0 0 0 0 30 17 17 0 98 0 81 46 50 53 68 19 0 0 22 0 43 100 96 0 59 0 70 0 0 20 0 69 0 78 0 0 9 70 0 0 0 82 88 3 62 57 71 0 10 88 80 59 0 0 99 71 0 0 37 0 0 42 76 0 0 32 2 0 16 0 0 0 0 42 0 12 0 0 91 0 0 30 80 0 67 33 0 0 35 0 0 33 0 0 27 39 0 0 99 81 20 0 0 0 14 29 23 0 6 84 0 82 80 95 0 63 0 81 87 0 95 99 74 0 68 74 0 0 0 0 31 0 18 0 92 36 80 
84 6 0 59 0 0 92 0 0 78 5 9 0 85 0 0 0 74 16 0 0 32 0 77 0 0 80 24 0 0 31 0 99 0 59 0 44 99 42 3 16 95 0 0 0 0 40 0 11 65 99 0 29 19 79 0 76 36 0 1 0 38 91 94 0 0 0 59 77 65 54 0 51 67 0 95 0 42 92 62 41 0 0 0 18 31 0 58 0 59 77 94 53 43 0 93 0 60 44 33 0 0 60 49 0 0 90 0 68 0 0 76 0 4 0 0 22 83 95 56 91 51 62 0 24 52 0 44 0 45 0 79 0 68 0 0 0 86 86 0 21 12 0 40 0 0 0 68 17 0 
56 0 0 0 73 31 8 0 0 0 87 67 6 0 10 77 0 0 0 50 0 78 34 27 0 0 78 75 0 61 47 0 94 0 78 0 51 0 32 10 42 9 77 77 0 29 22 81 60 24 0 0 59 0 0 0 35 52 0 88 0 0 99 58 81 0 61 64 46 0 23 0 0 0 0 2 78 75 49 0 38 53 0 18 0 13 0 0 29 0 63 23 98 36 24 76 0 30 78 70 43 0 0 16 12 0 0 0 83 0 77 0 56 0 0 0 78 0 0 83 0 0 74 38 0 0 0 40 49 94 92 59 0 0 0 0 0 0 0 26 0 0 0 0 36 44 11 67 0 46 
21 49 9 0 0 89 35 44 3 18 55 4 0 0 75 11 0 93 0 0 0 0 0 53 39 0 0 27 70 60 2 41 75 54 32 0 0 64 47 0 29 95 0 41 82 0 28 74 0 0 0 6 55 0 84 0 0 0 23 39 74 2 89 2 0 20 0 27 16 34 0 0 0 0 83 41 0 37 81 46 61 0 0 31 13 0 89 28 0 0 0 5 0 0 0 0 77 57 78 33 0 5 44 52 0 32 0 0 1 0 53 85 0 0 0 0 48 6 67 0 0 0 0 19 0 0 0 0 0 0 40 0 0 0 87 14 94 0 52 100 48 75 26 0 0 0 0 0 18 0 
18 0 0 92 0 100 40 0 76 0 0 50 0 0 21 0 15 0 37 68 0 60 0 0 0 0 41 0 13 16 12 0 1 4 63 56 83 5 0 0 47 66 30 0 0 0 23 39 0 60 0 48 100 12 0 70 0 0 19 46 85 0 0 21 33 20 79 0 0 0 0 70 0 0 0 81 0 0 16 0 62 44 42 0 0 89 0 11 0 81 20 87 0 3 73 42 87 86 0 0 0 4 0 35 8 0 88 0 0 71 0 30 0 0 0 87 0 0 11 0 0 10 0 0 0 97 86 0 88 83 25 0 95 3 12 0 19 0 38 0 0 0 0 0 0 0 0 100 11 0 
67 66 0 0 0 0 15 38 0 31 70 0 0 70 98 10 2 17 25 65 13 0 0 0 60 60 0 0 14 48 9 65 58 0 87 44 0 0 13 0 0 0 0 0 81 0 0 3 60 0 0 89 0 0 56 13 0 0 0 0 44 21 0 0 0 0 0 99 81 96 39 68 0 32 60 97 95 87 78 19 0 0 0 58 0 28 11 0 0 38 96 71 8 0 81 11 83 9 0 55 0 69 0 74 30 0 86 0 0 0 69 74 31 82 0 0 59 18 56 11 62 60 0 56 0 33 27 0 36 0 0 27 0 0 7 41 89 78 22 0 55 91 43 86 0 49 0 50 39 0 
70 94 0 98 79 0 56 0 37 68 36 95 0 0 0 56 37 0 56 91 59 22 33 0 39 10 48 93 47 98 0 65 41 0 0 0 0 0 56 0 13 15 0 0 94 67 0 27 41 0 20 0 50 2 0 0 99 75 67 23 0 33 17 8 0 0 54 0 0 96 49 95 89 0 0 76 0 0 15 0 0 0 12 0 29 0 0 0 0 67 0 19 0 0 62 0 29 15 3 66 54 0 23 15 0 0 88 53 67 0 0 0 0 0 0 17 0 22 78 2 0 67 0 0 0 0 6 14 0 0 0 6 95 1 0 34 20 31 0 0 0 0 0 0 0 0 87 0 26 30 
3 59 42 0 0 69 5 98 52 45 30 0 95 37 0 0 0 35 93 0 0 0 21 0 0 0 44 0 0 0 0 70 34 25 0 0 0 63 0 17 65 0 0 72 46 20 0 0 0 42 41 0 28 0 29 79 43 0 69 34 76 0 0 0 64 62 66 18 49 89 10 51 44 5 0 0 0 0 0 59 48 63 0 59 0 0 81 38 67 0 94 98 0 0 33 83 51 0 0 26 74 0 92 61 0 0 16 79 21 0 95 0 0 4 6 0 100 0 0 88 6 0 0 81 51 0 0 0 0 17 5 0 0 0 0 0 0 47 0 0 43 86 81 0 13 48 71 0 53 0 
47 48 36 0 87 28 0 5 6 0 6 0 84 96 10 63 0 0 18 63 71 19 51 0 3 5 0 26 65 45 36 49 0 41 76 31 0 0 0 67 1 7 0 29 88 62 35 53 10 97 0 49 0 85 0 26 0 4 56 0 25 24 0 0 0 0 75 76 0 0 73 0 6 75 89 0 18 0 86 0 99 0 0 77 63 0 20 96 0 94 0 82 0 0 0 12 0 86 0 0 0 0 0 0 0 45 3 0 0 94 30 26 0 0 43 39 94 0 6 7 0 0 90 0 0 0 99 69 56 0 87 24 50 80 0 0 0 23 98 0 0 0 0 0 0 0 86 0 69 83 
37 0 0 0 64 41 0 81 88 80 0 0 53 0 0 0 0 59 11 0 0 55 0 0 52 51 82 0 41 40 68 33 75 33 0 84 0 0 0 0 100 0 0 0 37 0 53 82 58 0 0 41 0 39 28 23 42 0 0 0 26 94 89 0 31 76 40 36 0 0 11 0 0 27 90 90 0 0 0 4 90 38 91 94 23 5 87 71 19 98 82 0 32 26 96 0 0 0 0 0 0 63 72 51 84 68 48 35 0 0 6 13 0 0 0 24 21 48 0 33 8 0 0 0 0 26 0 0 80 0 22 0 41 0 67 0 61 52 31 12 54 0 17 34 3 7 21 0 0 31 
17 41 0 0 82 0 0 0 57 0 75 0 0 0 72 0 69 0 33 0 0 48 59 2 0 65 0 0 55 0 41 93 0 50 78 0 0 0 74 0 0 65 0 0 0 12 0 0 12 0 38 0 62 87 41 0 0 0 44 97 0 65 100 0 86 100 0 89 65 48 0 0 0 4 0 0 84 0 0 0 0 0 0 53 98 0 0 8 0 0 0 32 0 0 0 6 43 0 0 0 57 72 0 0 0 57 72 0 0 0 58 0 77 0 0 0 98 0 85 0 91 68 0 97 72 55 0 8 0 76 0 72 0 96 20 38 0 0 2 80 99 80 66 95 0 0 0 0 0 0 
0 0 52 0 56 28 0 0 91 0 0 51 30 0 0 0 31 0 16 32 69 54 0 0 48 0 0 89 0 26 45 0 0 0 59 31 29 0 17 0 0 53 62 0 92 0 85 77 43 0 0 0 5 0 0 82 0 79 35 87 15 83 0 3 59 93 0 80 93 90 0 0 11 17 0 55 0 49 79 0 0 68 0 43 36 0 3 0 0 0 0 26 0 0 66 0 26 48 36 97 0 0 0 80 5 76 72 82 0 0 0 71 82 76 71 8 0 0 0 0 34 24 0 0 50 0 42 13 0 55 11 25 34 97 34 95 0 100 24 28 38 9 44 73 23 0 80 0 17 90 
62 14 91 0 70 0 68 0 13 6 0 7 0 0 0 43 0 0 86 0 74 75 41 54 24 0 86 42 0 1 0 44 0 0 74 0 14 99 0 0 0 0 42 10 0 9 0 55 55 14 12 0 0 41 16 0 71 0 27 0 48 12 98 0 0 37 0 70 32 0 0 0 16 0 78 0 76 0 0 45 0 60 30 0 24 0 73 81 62 33 0 96 0 66 0 24 43 0 84 0 67 0 48 0 48 67 70 0 0 0 0 0 0 68 0 14 38 63 28 61 0 0 92 7 23 0 0 0 92 39 25 0 31 96 0 0 44 31 81 46 0 5 95 11 0 37 0 0 59 33 
0 0 0 0 76 71 65 39 89 0 19 0 91 0 43 75 6 18 91 56 0 0 0 28 34 92 70 0 48 32 50 0 92 0 0 0 95 85 0 84 0 0 0 66 0 63 58 23 22 0 0 66 54 0 15 36 15 0 49 66 19 38 48 0 39 0 40 67 75 9 4 49 0 0 0 0 0 76 0 0 14 0 80 93 76 0 42 11 0 83 12 0 6 0 24 0 68 19 74 17 86 95 0 3 5 0 0 0 19 0 0 0 0 47 44 35 8 93 19 72 0 60 92 0 89 0 0 84 0 4 0 90 19 0 49 22 0 0 0 16 0 23 0 0 0 0 0 1 0 93 
100 0 0 0 22 67 0 0 28 0 86 99 0 22 91 0 0 0 0 37 51 72 0 98 64 0 0 0 0 39 46 0 42 0 0 58 23 72 81 0 56 0 0 5 0 19 92 32 8 0 99 0 0 46 0 0 34 0 85 0 16 85 75 0 80 2 83 0 7 0 0 95 34 97 73 58 42 33 0 19 0 54 0 0 0 77 87 83 29 51 0 0 43 26 43 68 0 0 73 0 54 68 0 34 89 0 0 0 0 0 0 13 0 11 38 23 100 85 0 79 50 53 86 0 0 0 0 0 33 0 0 75 62 71 34 0 32 100 0 0 0 13 57 50 0 26 35 91 18 0 
95 39 0 6 7 0 0 0 0 0 0 64 0 0 6 60 0 41 90 0 0 12 0 0 0 0 2 89 58 41 0 10 89 0 40 0 76 86 0 24 0 0 85 100 0 0 0 0 16 76 22 81 0 34 0 0 22 50 72 82 53 0 95 67 0 26 48 0 97 29 5 4 36 0 0 72 69 0 0 17 3 0 67 60 30 57 86 9 15 0 86 0 0 48 0 19 0 0 0 87 0 60 88 100 0 0 26 92 47 0 47 0 13 0 0 21 0 0 0 5 60 41 0 47 24 0 0 0 0 20 15 0 0 0 0 89 0 75 70 7 12 82 0 0 61 31 46 90 50 0 
0 96 0 0 25 0 70 10 0 10 0 99 60 0 0 0 0 28 0 0 0 0 100 0 0 28 40 61 0 0 0 0 59 0 84 19 0 60 0 0 14 48 0 34 88 0 60 0 0 0 0 0 23 87 18 68 25 0 0 67 0 66 0 38 77 0 9 0 95 19 70 0 85 0 96 0 9 0 94 75 15 66 33 44 78 78 0 0 3 0 0 0 0 36 84 74 73 0 0 0 0 0 0 0 66 0 89 29 74 48 57 0 11 8 52 67 0 0 0 0 0 0 0 0 89 0 0 8 0 0 48 0 45 91 0 0 0 76 66 63 89 58 0 0 0 79 0 11 0 0 
11 0 21 53 0 0 0 77 9 0 23 71 0 0 0 87 18 0 55 0 95 48 0 0 0 29 0 16 32 4 0 36 0 0 2 0 0 0 0 1 20 0 0 0 0 90 74 0 55 81 0 0 80 0 0 0 0 0 0 54 9 33 69 0 0 59 0 0 0 81 0 0 0 2 88 71 29 0 71 90 46 0 0 33 70 33 0 55 66 26 0 0 0 97 0 17 0 87 0 0 5 44 0 51 89 0 70 68 0 0 17 15 85 55 0 23 13 0 78 3 84 99 53 0 0 0 34 28 42 52 0 0 9 0 33 87 76 0 1 63 37 79 0 0 97 17 96 94 90 0 
0 0 78 0 0 94 21 43 0 56 83 93 0 5 52 0 83 0 90 0 0 23 53 53 59 11 0 47 0 31 0 43 0 0 0 34 25 0 34 0 24 0 11 59 0 0 87 0 86 79 9 0 21 0 0 0 74 98 0 0 0 93 0 35 0 95 0 63 20 5 63 0 20 35 0 0 59 27 7 79 0 0 0 0 43 0 0 0 54 74 0 0 57 0 67 86 54 0 0 5 0 0 0 88 0 83 0 0 80 31 0 0 0 12 9 0 24 53 0 0 41 72 13 0 0 98 0 0 0 4 80 87 0 87 69 29 20 48 0 0 0 0 0 54 0 22 100 0 25 0 
0 0 32 53 23 24 0 73 0 0 56 0 55 0 0 19 96 0 44 0 4 0 0 68 0 0 60 17 40 0 0 47 0 36 0 16 100 70 2 61 11 30 53 99 0 0 0 62 0 87 9 0 22 0 0 0 73 49 47 0 95 0 0 61 0 0 77 0 4 0 21 15 77 0 0 7 0 0 38 6 0 48 35 0 0 5 4 69 0 0 0 63 72 0 0 95 68 60 0 44 0 0 84 0 0 0 96 82 0 26 100 0 71 52 85 0 0 0 35 62 31 21 41 64 85 7 56 27 0 0 87 0 0 18 0 0 0 0 31 45 45 0 0 82 52 21 37 0 26 0 
24 0 23 34 0 24 26 47 51 39 0 0 80 13 29 0 17 0 18 0 32 12 47 67 95 0 83 94 0 0 75 69 22 0 37 46 77 0 53 63 75 0 25 0 0 0 3 0 0 0 66 31 0 10 0 72 73 0 0 60 0 0 0 0 29 12 0 58 0 91 4 65 0 88 0 0 70 99 79 48 87 71 0 60 0 44 0 0 23 92 0 72 0 0 48 0 0 88 0 0 0 84 0 0 65 0 2 0 83 0 81 0 0 17 0 0 0 0 67 86 0 0 0 0 0 0 0 0 5 87 0 0 25 0 47 0 0 94 24 0 37 0 61 72 66 5 19 0 0 0 
95 77 12 0 0 0 0 0 100 50 0 0 64 0 0 81 0 10 0 70 0 43 92 0 85 82 27 82 0 0 36 0 73 0 0 0 0 0 9 30 26 30 100 0 21 0 7 100 58 0 0 37 0 0 0 19 21 37 0 86 0 0 27 0 19 47 0 14 0 0 47 0 0 55 89 48 0 0 3 0 0 82 0 49 16 52 35 74 15 61 0 51 0 80 0 3 34 100 0 51 88 0 0 0 0 43 0 46 0 0 1 6 40 0 0 77 33 15 0 82 27 48 21 94 0 80 0 66 0 0 97 25 46 78 61 0 0 0 0 0 39 55 0 37 10 0 2 32 61 0 
0 0 0 0 0 45 0 28 15 68 87 2 0 0 56 0 40 0 0 0 0 16 0 0 0 81 0 0 67 25 3 0 81 0 0 88 82 46 0 95 64 0 26 0 0 0 0 0 0 54 35 45 0 29 0 61 84 94 12 10 0 39 1 5 16 0 85 0 14 0 29 97 33 63 25 34 80 0 22 84 8 61 33 0 12 0 8 30 0 0 0 84 0 5 48 5 89 0 66 89 0 0 65 0 0 0 93 0 52 0 67 0 28 75 96 16 0 52 0 0 43 78 0 70 69 0 65 45 0 16 0 0 32 85 0 94 0 0 0 0 14 49 31 93 25 0 38 96 0 0 
0 90 0 2 14 85 0 98 16 66 58 65 0 0 0 0 8 0 16 0 0 0 5 0 12 96 94 33 43 0 0 8 0 93 100 0 94 0 0 0 88 0 5 84 0 91 51 0 9 30 0 0 77 10 0 0 0 7 18 0 39 26 0 0 82 83 54 0 75 83 39 54 0 78 49 7 94 84 0 0 100 0 0 0 0 32 0 0 0 0 45 68 57 76 67 0 0 0 0 0 83 0 0 43 0 0 18 0 70 0 0 48 8 13 0 52 66 94 73 0 87 100 45 88 56 0 80 0 63 0 75 81 0 0 0 17 83 0 72 98 3 52 71 15 0 0 0 0 23 0 
78 20 3 0 0 38 0 0 26 0 0 0 22 0 0 7 0 32 70 3 78 0 76 0 0 0 3 4 0 74 0 80 0 0 17 10 0 8 68 64 15 81 82 85 79 83 0 0 0 74 16 73 0 10 0 99 0 0 49 0 45 0 0 0 90 0 30 11 0 7 93 0 78 46 0 0 0 0 15 83 2 0 0 90 0 0 88 86 88 16 3 48 72 72 70 0 0 26 89 70 0 96 2 0 93 18 0 24 0 67 94 0 56 92 0 72 0 68 0 0 0 77 0 82 0 84 79 92 0 0 13 56 40 0 70 0 54 0 73 0 89 14 0 50 0 48 58 91 48 95 
0 37 0 0 0 0 20 85 0 0 57 0 0 0 0 8 0 36 0 73 0 67 82 0 42 0 0 0 81 0 0 0 78 0 54 53 95 0 97 0 40 0 0 0 5 0 0 0 0 0 60 41 52 58 7 89 0 97 62 97 65 26 0 53 15 70 3 0 19 15 0 0 0 73 23 0 21 62 37 38 0 0 27 0 0 0 0 0 53 79 0 35 0 82 0 0 0 92 29 68 0 82 0 46 0 0 24 0 71 37 0 0 0 99 45 31 0 72 49 76 0 0 51 4 47 38 27 97 0 0 83 0 0 0 0 0 0 42 78 69 0 17 19 29 68 36 0 41 0 0 
0 2 64 4 0 57 0 99 0 0 98 60 53 77 36 48 0 0 0 56 0 4 95 0 53 0 0 46 30 16 15 0 0 0 63 0 0 84 31 5 99 51 97 0 62 0 90 53 0 70 98 0 82 0 44 65 39 74 65 96 85 0 0 0 0 0 25 6 15 0 0 0 3 44 0 0 70 41 0 59 0 0 39 68 83 1 0 0 67 21 0 0 0 0 0 19 0 47 74 0 80 0 83 0 52 70 0 71 0 0 73 86 0 0 0 88 0 0 0 0 78 0 0 75 71 16 0 25 52 0 54 41 0 0 92 83 0 14 0 60 22 95 0 0 0 82 0 42 3 0 
0 0 49 92 35 56 0 14 0 0 0 0 0 0 30 41 0 24 38 0 95 50 15 53 0 59 98 0 0 43 27 84 63 37 4 73 0 0 89 0 85 49 61 19 0 0 38 0 0 8 3 83 47 12 0 0 0 0 31 54 54 98 0 44 69 26 66 0 0 0 64 6 24 0 0 21 97 23 72 0 75 67 0 0 0 0 71 0 0 0 94 0 0 0 0 0 0 0 48 0 31 26 0 0 0 0 67 37 0 0 0 0 0 47 0 2 0 54 95 0 98 0 0 38 85 46 30 0 0 58 46 47 0 95 0 0 15 0 88 36 7 0 66 5 0 61 2 42 0 84 
25 7 0 19 0 69 86 0 3 73 6 48 89 0 0 37 54 64 68 0 69 0 0 0 0 0 0 77 0 41 96 0 47 0 2 0 0 59 8 98 95 0 8 0 0 33 0 31 56 29 53 77 0 38 0 0 96 32 38 13 53 0 45 0 11 29 24 25 0 0 30 33 24 0 80 83 27 0 14 30 0 0 0 0 77 53 0 69 0 95 30 6 58 0 0 0 0 47 57 17 0 100 81 1 67 0 94 0 73 0 0 71 0 0 0 51 0 50 10 0 0 86 64 0 11 75 0 0 0 0 11 9 0 91 15 0 57 0 8 3 0 72 76 0 0 0 96 64 0 41 
27 0 85 0 0 11 45 2 0 0 46 0 0 28 0 0 0 0 72 4 58 24 65 0 0 0 85 0 64 0 0 75 0 24 0 62 0 38 0 15 0 24 84 0 0 0 39 74 0 0 0 0 0 0 0 0 65 0 0 0 82 25 0 0 100 0 0 0 10 0 0 95 0 45 34 0 48 43 0 0 0 9 99 76 0 85 30 74 0 0 26 13 0 71 0 0 13 0 0 15 0 0 0 6 0 48 0 0 86 0 71 0 0 0 0 0 98 0 73 0 0 49 0 0 79 0 0 13 0 0 93 30 46 40 0 0 67 24 89 0 4 46 0 91 0 89 0 0 85 0 
74 0 0 0 0 80 45 16 0 0 44 0 60 0 76 0 13 58 0 0 39 0 70 76 0 0 62 52 0 79 0 64 1 0 45 6 23 93 25 31 70 66 89 0 4 47 27 83 22 0 0 34 72 2 0 57 0 87 75 63 19 0 0 0 0 8 35 0 77 62 89 42 54 0 0 49 0 88 86 44 34 0 81 0 56 0 0 31 0 0 0 0 77 82 0 0 0 13 11 85 0 71 0 40 28 8 56 0 0 0 0 0 0 0 94 0 42 80 22 67 0 0 18 0 0 0 4 53 0 24 0 72 0 14 0 39 20 11 20 59 0 0 0 0 0 60 0 24 47 0 
68 0 7 98 33 33 58 8 97 73 0 0 0 25 77 61 95 13 0 0 0 79 27 87 7 62 0 100 38 0 40 33 48 0 0 0 2 0 49 54 60 0 0 62 0 73 89 0 5 0 21 0 0 99 83 0 1 91 0 0 45 0 0 0 0 0 16 0 0 95 0 18 84 0 31 0 40 0 0 10 88 76 20 4 0 0 0 82 0 4 0 0 0 76 68 47 11 0 8 55 12 52 17 0 75 13 92 99 0 47 0 0 0 0 93 52 0 0 83 0 57 45 19 0 0 66 9 0 0 0 13 80 0 0 0 0 0 50 0 0 47 36 0 33 69 14 13 0 0 92 
0 46 96 65 0 26 77 0 13 0 82 0 0 44 0 97 98 12 0 98 74 0 17 0 0 83 74 12 42 0 0 0 65 0 0 48 28 59 0 0 100 0 22 0 0 43 0 13 0 66 56 0 0 26 0 0 0 0 0 77 60 0 0 77 0 0 0 0 0 52 40 89 0 35 0 0 17 57 24 0 45 69 0 0 0 0 0 0 0 6 43 0 0 71 0 44 38 0 52 0 9 85 0 0 96 0 0 45 0 0 0 0 94 93 0 0 0 46 0 0 0 10 69 26 0 0 0 9 33 12 21 14 70 48 0 79 2 35 85 97 0 0 12 36 17 0 54 47 0 16 
0 0 81 99 61 38 59 0 0 0 11 39 0 0 95 15 0 0 0 36 0 26 14 84 0 76 12 30 46 0 0 0 0 0 3 38 47 81 0 98 0 0 81 75 89 98 0 0 22 0 0 89 18 44 99 28 86 13 0 61 0 0 92 0 0 0 64 0 25 0 9 0 0 0 0 37 97 41 0 0 0 9 0 0 0 0 87 0 17 0 39 24 0 8 14 35 23 21 67 23 0 0 0 77 16 52 72 31 88 2 51 0 0 52 0 0 78 52 72 0 66 35 0 0 36 71 37 0 6 0 0 0 77 31 0 0 0 77 14 20 51 83 96 0 0 0 92 0 78 93 
31 87 0 0 78 58 82 0 0 78 43 34 17 99 7 0 25 0 0 66 0 0 59 0 68 39 0 0 77 84 0 0 0 52 26 0 0 0 73 91 0 0 0 47 49 0 0 67 73 50 99 40 14 0 66 1 0 4 40 70 0 7 54 86 5 0 82 0 69 0 0 0 56 0 0 0 35 0 0 57 19 0 0 22 78 48 0 59 0 100 94 21 98 0 38 8 100 0 0 13 24 0 0 33 0 66 0 0 0 0 0 98 42 0 0 78 0 50 0 90 44 0 9 50 0 0 66 7 0 2 0 0 0 30 0 0 49 67 0 40 93 45 66 0 0 34 0 41 52 0 
3 38 0 65 0 83 34 0 0 31 78 72 0 0 0 72 83 93 100 51 0 0 4 54 72 0 0 0 0 40 0 5 0 0 86 95 92 64 0 34 0 0 37 79 0 0 60 0 0 15 36 0 30 76 77 57 59 78 0 0 0 81 47 0 0 54 0 76 0 0 0 0 29 79 0 50 0 16 8 0 27 66 14 83 0 6 0 18 22 0 0 48 0 0 63 93 85 0 0 0 53 0 0 15 52 94 68 72 0 54 50 0 80 0 46 52 50 0 30 0 37 0 0 35 98 0 72 0 66 44 19 77 31 84 29 41 46 0 0 21 91 90 66 44 0 35 0 0 0 0 
93 14 0 0 19 43 13 35 73 85 9 45 60 56 0 48 73 0 100 87 4 0 72 19 75 10 76 54 99 0 0 0 30 41 0 0 93 73 92 0 0 10 12 1 25 4 53 0 66 22 0 0 79 0 6 45 50 0 42 30 0 77 0 33 13 36 94 39 0 0 0 0 0 32 82 0 0 41 0 92 18 0 29 95 0 67 11 56 78 0 6 0 85 0 28 19 0 0 0 78 0 35 67 0 0 73 0 49 0 95 10 73 22 83 0 72 0 30 0 81 19 99 46 13 88 99 0 68 36 0 0 71 0 95 0 9 0 63 20 0 23 0 0 0 70 23 89 0 94 27 
43 44 0 0 69 0 19 0 0 30 72 0 47 54 46 0 4 0 0 82 0 0 73 17 33 0 11 48 63 0 0 52 29 20 0 0 0 76 37 53 39 35 11 49 1 0 0 45 93 8 47 0 0 72 0 0 80 10 43 4 6 0 0 0 30 70 52 0 0 85 17 0 100 0 0 48 41 20 41 0 63 45 23 56 83 0 0 11 2 88 7 33 0 0 61 72 79 5 0 3 0 62 86 82 0 0 0 76 0 0 0 0 67 0 0 0 90 0 81 0 0 67 0 0 0 36 90 30 0 66 13 4 0 95 56 62 0 0 60 0 0 30 37 96 14 74 0 18 59 0 
4 15 25 49 24 0 0 90 14 80 0 0 0 58 0 0 0 46 0 0 7 73 21 0 60 29 53 100 35 0 0 36 0 10 0 38 0 0 47 22 23 46 83 23 0 0 0 82 0 0 61 75 9 0 78 0 58 6 0 0 0 0 0 0 0 64 44 0 22 0 0 0 0 47 29 83 0 0 79 57 46 0 0 91 0 0 0 62 0 6 0 8 91 34 0 0 50 60 0 84 41 31 0 27 43 87 0 0 78 98 0 0 0 57 0 66 44 37 19 0 0 86 0 0 0 4 0 0 83 0 5 0 99 0 87 0 0 0 4 41 74 9 100 94 33 31 45 95 0 40 
0 5 0 0 1 0 0 42 0 9 37 0 0 0 2 0 72 60 50 51 53 0 21 0 0 72 25 60 28 0 70 100 0 0 89 0 0 74 0 18 28 0 0 69 0 0 28 0 0 0 42 0 41 97 0 16 0 0 94 0 79 58 0 0 0 1 15 0 0 17 0 0 77 79 0 0 0 0 0 0 59 74 6 51 0 0 10 60 67 0 0 0 68 24 0 60 53 41 0 99 72 21 0 48 78 100 77 0 0 0 86 49 0 45 10 35 0 0 99 67 86 0 87 36 49 0 0 0 15 0 52 34 40 45 26 33 0 67 0 0 84 65 0 44 0 75 0 93 0 0 
0 55 61 79 34 86 4 0 13 59 98 0 6 93 30 64 0 0 60 96 0 0 0 0 31 17 0 0 0 29 0 0 0 54 53 0 59 71 0 0 0 39 57 71 77 0 56 0 67 0 11 0 0 0 0 0 0 61 11 0 54 84 27 94 14 0 100 52 42 13 0 0 1 16 0 43 54 72 0 0 19 53 84 62 74 0 0 0 0 0 90 0 0 0 92 92 86 0 0 53 13 41 0 21 0 45 0 51 0 0 64 0 18 19 69 0 9 0 46 0 0 87 0 0 0 98 0 12 0 0 42 11 94 0 66 96 75 32 72 0 55 44 0 31 0 0 0 0 0 0 
72 43 86 45 0 0 7 0 0 0 0 0 50 0 63 0 46 5 46 38 0 84 0 59 33 83 0 61 32 0 0 0 16 8 0 0 99 24 25 0 0 97 25 8 0 0 10 0 97 0 0 0 0 0 30 0 74 84 0 52 20 60 48 0 25 87 0 0 7 0 0 48 64 85 8 26 0 57 0 0 0 39 0 0 38 19 0 56 0 81 0 0 97 0 7 0 0 47 0 0 0 64 0 94 70 88 82 4 75 38 0 0 0 0 26 0 50 35 13 0 0 36 0 0 0 3 26 13 64 9 43 88 28 10 89 66 9 0 0 0 71 0 0 66 0 0 0 77 0 39 
90 0 78 0 28 0 29 21 0 6 0 0 0 76 44 0 0 36 0 81 0 96 34 9 85 68 78 0 10 0 0 39 0 0 41 76 80 0 90 0 24 54 0 36 24 39 0 16 99 0 93 79 0 53 71 57 0 0 83 35 16 0 68 0 0 86 44 35 32 0 11 0 17 0 49 0 0 21 93 0 93 36 82 24 0 0 0 0 0 51 0 0 72 50 23 89 0 24 89 0 0 85 0 0 69 56 0 47 71 85 11 79 0 0 0 36 0 98 88 0 0 49 0 0 0 0 66 76 43 28 55 80 66 46 0 5 55 0 66 0 0 0 58 52 38 84 89 15 7 28 
75 0 13 0 0 86 50 47 12 66 0 61 0 0 0 0 0 96 0 89 35 0 69 44 0 0 0 0 0 75 66 26 77 23 0 0 0 83 78 0 16 74 95 79 0 0 0 0 0 0 0 0 23 98 60 45 89 0 79 0 58 47 53 0 24 44 0 43 80 68 6 0 84 0 25 0 0 13 0 0 43 0 80 52 0 0 97 33 0 0 0 26 55 0 0 0 0 0 0 0 98 7 0 80 0 0 84 38 16 46 75 0 0 66 0 71 0 0 99 36 4 0 98 3 0 0 4 35 69 40 22 0 0 0 0 20 0 39 0 60 0 37 61 91 69 24 41 0 0 34 
100 0 44 49 0 0 0 0 1 21 100 20 24 83 0 94 0 0 0 0 0 59 0 88 0 50 0 0 0 62 0 0 0 0 92 65 36 36 0 71 0 0 0 0 0 39 30 16 0 36 74 0 100 0 28 0 83 57 0 0 0 13 86 45 0 63 0 0 83 54 93 79 71 25 28 0 0 78 12 69 13 66 95 0 0 0 86 27 6 0 99 0 0 42 0 0 0 0 0 34 0 56 0 0 65 80 79 27 0 30 0 0 4 9 0 37 66 72 0 90 0 0 0 26 66 4 0 0 71 0 0 0 71 90 92 55 0 0 0 0 68 0 44 22 49 73 89 7 55 81 
22 43 0 72 0 79 0 0 16 75 0 77 72 89 70 0 0 44 0 0 46 0 62 0 0 77 0 80 76 13 0 41 0 78 91 0 77 0 68 59 5 0 0 82 0 90 0 66 0 0 0 86 0 52 89 0 4 0 0 41 85 0 19 0 15 8 30 36 20 98 27 0 5 0 25 0 0 3 64 16 0 0 0 44 40 0 0 0 14 0 69 0 8 13 0 84 0 0 8 28 0 27 0 66 45 0 92 97 25 0 0 13 53 0 9 0 7 0 68 30 0 0 12 13 76 35 0 0 33 0 0 0 61 0 0 0 66 38 94 0 0 0 0 97 55 0 94 0 0 71 
0 60 0 0 18 47 18 47 0 9 89 25 0 54 0 58 39 0 0 14 65 19 0 29 46 0 0 68 0 0 0 0 50 0 100 0 0 13 100 77 23 0 97 52 9 0 90 0 31 98 27 0 14 38 0 60 72 23 0 40 46 65 16 42 49 85 59 0 0 0 97 0 90 31 0 0 0 0 0 0 0 67 63 0 49 0 88 36 0 0 56 80 0 0 92 0 33 0 0 42 0 0 5 0 0 63 0 0 52 0 0 0 0 0 33 6 0 66 36 0 83 15 0 64 43 69 71 33 0 0 62 92 50 95 62 0 0 0 0 0 0 92 59 18 0 0 45 0 54 0 
0 0 80 8 0 0 24 0 0 0 89 0 26 79 99 98 87 0 0 93 13 83 49 36 25 11 0 0 87 83 0 29 0 0 96 0 0 0 0 97 97 93 90 75 9 45 0 43 0 0 15 92 61 0 59 0 74 21 0 0 55 55 58 0 0 42 26 0 0 0 8 61 0 0 0 0 1 0 49 0 46 22 0 45 94 0 83 0 0 17 0 0 76 55 39 4 0 20 0 52 4 0 87 0 16 0 0 0 0 58 0 0 24 0 12 0 2 44 0 66 0 0 0 9 28 40 0 0 0 0 3 0 32 61 88 0 0 0 0 50 0 0 99 24 40 63 72 31 92 100 
23 41 0 0 66 0 49 22 45 48 0 86 25 40 2 0 5 96 27 97 58 0 51 85 27 80 43 79 73 18 55 0 22 74 0 70 0 42 0 17 0 0 71 0 81 79 52 0 0 95 27 100 11 0 0 0 0 0 51 2 0 0 0 0 0 86 0 27 81 0 28 0 57 80 86 68 0 0 96 0 56 72 81 0 92 40 25 0 0 5 87 22 0 11 25 0 0 15 48 0 80 87 0 97 0 75 13 83 54 46 11 93 0 13 21 0 0 19 0 13 5 52 42 43 55 22 0 0 62 3 0 48 0 0 41 2 63 6 40 29 0 0 0 31 0 0 0 0 61 0 
37 0 97 22 96 45 0 6 0 54 8 0 0 0 63 61 0 21 0 0 96 39 59 0 28 0 0 58 0 0 0 86 26 0 63 0 0 0 0 0 66 91 0 0 0 10 89 63 0 1 82 7 0 0 0 0 0 93 49 62 54 0 0 82 5 93 29 25 73 0 89 53 0 0 94 0 39 88 0 0 0 0 87 79 59 0 0 27 6 0 24 0 72 25 0 90 75 0 0 0 87 0 0 25 0 81 56 0 41 47 9 30 72 80 14 0 0 77 71 4 0 34 11 88 80 0 0 0 92 0 48 0 60 59 14 0 0 0 0 0 66 50 0 0 0 0 61 38 67 0 
0 97 0 47 56 25 32 3 0 0 0 30 0 0 87 0 31 0 0 71 26 0 0 49 98 0 66 33 27 0 62 15 0 0 0 96 22 48 0 79 94 0 0 16 0 91 66 90 0 0 50 0 90 0 41 0 13 13 0 89 0 77 60 24 0 63 86 28 0 0 0 0 89 0 59 0 0 22 21 91 0 0 0 0 0 0 95 0 95 0 50 41 0 34 31 19 62 0 45 9 0 0 25 46 32 0 40 0 0 0 0 46 0 0 70 77 0 31 0 0 99 40 94 28 66 0 71 61 50 32 0 60 0 0 58 14 0 0 80 46 0 40 91 0 0 49 75 45 66 30 
9 0 47 40 0 50 0 49 35 1 44 0 0 34 88 0 41 59 11 34 4 66 34 37 41 21 11 54 0 0 29 52 78 88 0 92 38 75 84 87 0 61 0 33 31 0 0 99 17 38 45 35 16 16 0 0 0 0 82 88 0 0 0 0 52 0 51 0 0 0 34 20 26 0 37 18 58 12 10 44 0 66 95 68 0 0 3 0 1 0 80 0 96 97 96 0 71 0 91 0 87 18 0 78 85 0 0 0 0 95 91 40 14 0 48 31 30 84 95 95 0 45 0 10 46 0 90 0 95 61 0 59 0 0 0 29 67 0 0 35 34 0 12 0 0 0 43 0 0 0 
0 54 0 0 55 45 0 0 0 3 0 0 0 29 0 0 94 0 65 0 9 54 0 0 0 0 0 0 9 0 54 16 0 80 0 14 0 0 0 59 0 0 60 0 0 78 0 90 73 0 0 0 90 69 0 74 0 65 32 0 0 17 21 42 0 0 0 0 38 0 0 22 0 0 22 13 0 0 0 53 0 47 99 0 0 87 12 7 0 0 0 67 20 34 0 49 34 0 0 33 69 0 47 61 0 0 70 0 92 0 15 0 0 0 0 0 0 29 0 56 87 26 66 89 0 0 92 0 62 88 41 14 58 0 0 0 0 95 69 16 69 29 0 16 31 0 0 18 0 13 
49 68 66 0 0 0 60 66 0 92 0 0 89 0 73 30 14 12 0 0 56 38 0 79 17 80 0 0 0 52 0 50 16 0 20 50 65 25 0 43 0 0 81 0 60 0 0 0 24 0 85 33 47 68 0 0 40 0 0 50 0 51 88 0 0 0 0 66 0 0 23 53 51 0 23 71 53 25 0 75 0 39 74 0 0 14 0 41 34 0 0 0 38 95 0 22 0 89 0 87 29 0 0 0 94 17 0 0 83 0 0 0 39 0 79 0 0 41 9 62 0 33 96 66 5 20 55 0 0 0 2 0 14 29 0 0 0 49 82 9 1 0 34 0 48 0 89 0 47 39 
0 54 0 0 75 0 20 0 0 0 0 11 0 0 71 0 0 11 0 50 0 0 37 62 41 0 0 0 10 49 0 0 29 39 0 23 44 0 0 0 82 60 0 87 0 31 33 0 80 0 45 0 0 0 0 0 8 0 70 0 0 0 52 0 48 0 0 89 87 67 52 0 0 15 23 39 10 59 0 0 0 0 0 0 0 94 19 89 20 0 0 61 0 0 44 0 32 0 0 76 20 0 0 0 0 83 54 0 0 15 57 67 20 0 2 0 49 46 0 0 0 0 75 9 55 0 0 66 0 0 63 0 0 67 0 0 0 0 0 0 20 44 25 81 0 35 0 71 73 0 
0 0 0 0 0 19 38 0 13 67 59 57 0 74 70 54 0 0 0 16 68 18 0 99 81 0 35 0 0 0 0 82 14 17 0 0 0 100 73 0 0 0 0 63 29 24 0 67 0 38 39 10 0 96 42 0 27 3 29 58 73 61 0 0 0 0 58 0 0 0 0 0 92 52 0 0 0 40 31 99 0 49 68 86 0 0 0 78 31 47 23 52 0 100 31 0 100 75 76 0 48 0 94 0 0 0 0 42 14 0 0 24 11 50 35 77 67 0 63 0 0 67 32 0 0 39 0 38 0 0 6 0 0 0 95 49 0 0 0 0 0 98 75 0 29 0 82 0 74 84 
0 0 67 54 66 10 2 4 0 88 0 62 28 19 0 6 91 57 0 0 10 0 77 10 0 0 93 0 68 99 71 57 0 0 0 80 0 1 0 75 0 53 0 0 74 0 96 0 0 0 0 92 82 84 86 51 0 19 92 83 0 80 0 12 70 0 74 0 77 0 33 23 5 0 78 0 79 0 13 0 12 0 74 86 0 52 38 22 0 0 98 31 2 24 81 0 0 70 66 1 0 31 24 0 0 72 73 78 0 88 8 89 20 0 85 14 0 0 20 60 4 0 72 0 66 0 0 94 0 0 40 0 80 0 69 82 0 0 0 66 8 61 88 42 87 0 0 0 0 7 
40 74 0 0 99 77 0 77 0 0 33 30 0 0 0 0 75 0 0 0 86 92 75 27 82 90 76 17 60 59 61 0 30 84 71 3 7 96 0 23 0 0 40 98 86 57 0 0 61 82 0 0 19 49 25 7 49 54 55 57 22 0 55 85 89 0 80 0 0 0 0 4 50 0 0 0 81 72 97 1 33 17 0 0 26 100 0 0 0 0 0 12 80 28 46 16 0 7 63 63 0 45 0 0 0 98 0 69 60 36 3 0 59 0 97 20 40 21 0 0 41 0 0 0 0 60 0 0 0 50 29 0 46 35 16 9 0 0 66 0 76 32 0 4 35 31 0 78 0 0 
26 0 15 21 69 0 0 33 25 0 0 55 94 0 0 65 0 0 99 39 0 9 95 0 0 0 0 0 0 0 51 98 0 92 87 64 0 0 47 6 0 15 26 0 84 39 0 60 1 90 0 81 3 97 15 1 0 98 0 0 97 47 20 98 92 0 0 0 36 79 57 0 15 0 18 82 71 77 2 93 35 0 0 21 0 48 0 55 0 43 0 54 99 38 0 0 0 12 89 37 0 45 37 39 14 3 89 0 22 7 0 4 0 47 0 51 93 91 23 0 74 84 55 71 0 0 68 0 0 0 0 66 0 34 69 1 20 0 8 76 0 28 8 81 0 0 0 0 100 0 
90 0 0 90 58 0 0 71 91 0 0 48 0 47 0 97 0 0 0 56 0 79 2 0 56 0 7 0 71 47 0 68 50 99 0 0 0 96 16 0 26 0 64 16 64 17 0 0 0 0 0 59 37 53 76 0 0 0 0 0 0 0 0 0 0 0 0 41 0 49 22 0 0 0 100 62 0 0 30 34 4 2 0 12 0 75 0 91 0 86 0 0 80 9 5 23 13 82 58 79 0 0 0 55 49 52 14 17 95 0 72 46 0 36 0 83 45 90 0 30 9 65 44 0 0 37 0 0 92 0 0 50 40 0 29 0 44 98 61 32 28 0 36 0 94 44 0 85 0 88 
53 0 0 1 0 93 0 23 37 31 65 0 0 56 0 6 0 63 56 0 78 100 6 59 34 95 71 0 0 53 0 0 36 0 0 66 0 15 97 0 53 41 46 0 0 0 0 0 72 0 34 81 15 53 87 0 60 0 26 0 95 0 39 35 13 0 82 69 35 98 0 3 42 29 97 16 7 25 98 0 0 0 0 0 0 26 0 43 0 81 0 17 66 44 95 0 57 0 0 0 0 0 61 0 31 71 0 19 0 66 76 0 0 0 12 96 66 66 0 37 100 0 0 0 58 61 44 0 59 99 0 0 91 12 0 34 25 75 88 0 8 36 0 22 24 63 10 0 4 30 
30 0 0 0 6 6 0 8 0 37 0 77 56 0 57 41 0 97 87 0 0 14 61 0 0 86 2 72 0 0 0 0 0 0 67 61 87 51 0 10 45 10 28 49 61 0 91 0 84 94 0 18 12 67 39 0 3 0 0 56 0 6 43 0 78 0 0 0 0 55 17 0 97 36 40 0 0 59 0 49 76 0 31 40 0 0 0 86 0 0 0 34 95 73 11 0 50 0 0 0 54 82 72 37 93 15 50 29 0 5 0 91 0 33 36 0 0 44 0 96 94 44 31 66 52 91 22 97 18 24 31 0 0 0 16 0 81 0 42 4 81 0 22 0 76 41 0 57 74 0 
3 77 0 0 0 29 87 41 47 0 0 100 43 0 68 0 0 84 0 92 45 67 4 85 92 0 44 0 53 0 40 0 7 0 41 0 0 33 37 0 0 0 0 24 11 24 71 36 0 0 73 61 78 0 0 33 0 76 63 0 16 0 67 10 0 33 5 0 62 63 30 75 11 81 0 77 0 59 30 0 0 0 0 0 36 0 0 0 0 13 0 3 0 23 0 0 0 61 0 97 0 52 66 10 25 0 0 68 0 0 0 0 0 69 17 0 0 0 70 14 33 0 0 0 38 69 49 55 0 40 0 0 0 0 31 48 0 29 87 35 0 94 24 76 0 52 96 96 31 70 
51 31 30 0 0 0 0 0 39 95 0 44 0 10 21 0 21 73 0 5 0 6 18 93 0 93 0 91 0 0 0 0 0 62 0 72 0 33 0 99 0 0 21 97 41 70 0 0 84 0 0 81 0 0 65 0 0 0 0 77 0 54 8 65 0 26 0 46 0 74 27 0 11 3 86 0 15 45 0 0 0 29 18 0 44 0 0 49 0 48 0 7 0 0 37 0 26 31 79 17 22 21 5 0 0 0 48 36 82 61 0 89 60 14 0 0 34 35 23 74 31 75 0 0 84 24 73 0 0 63 0 0 49 0 0 0 35 0 0 31 0 44 63 41 52 0 0 0 0 82 
34 21 0 0 0 5 21 0 0 0 57 0 0 0 0 87 0 0 0 0 62 0 12 55 60 0 0 20 0 32 0 0 0 0 0 1 0 0 0 0 0 0 56 0 54 1 12 0 0 0 94 0 46 0 0 20 69 27 73 92 0 63 0 0 0 0 0 30 0 57 46 58 0 16 55 54 71 18 0 0 76 0 0 0 11 0 0 0 87 71 86 21 0 80 0 0 35 46 0 96 100 37 19 2 38 0 58 0 0 2 96 0 0 13 54 92 0 0 89 0 45 0 0 0 89 41 89 94 45 72 0 61 75 43 0 89 0 82 0 0 0 0 10 0 96 0 0 1 0 93 
0 22 93 0 39 13 44 93 0 0 0 10 15 0 0 0 71 22 11 0 14 0 74 96 86 80 41 0 0 24 44 0 92 77 0 0 43 0 44 0 21 97 35 0 0 32 0 0 86 6 43 46 0 0 34 69 0 0 0 29 55 0 26 16 21 0 42 39 0 0 0 0 0 57 63 94 0 89 0 0 0 27 92 68 67 0 100 50 0 0 0 0 0 0 0 1 91 90 11 94 0 0 0 32 96 0 91 41 42 42 64 0 24 0 47 0 41 0 0 18 95 93 0 77 15 0 7 0 0 31 0 38 45 0 18 0 71 0 0 78 0 85 0 57 96 0 1 0 0 25 
0 16 56 66 98 80 0 58 0 0 12 12 76 95 0 86 0 67 0 62 23 0 17 9 59 0 19 0 56 17 0 45 0 0 0 0 0 0 0 0 0 76 83 0 8 53 8 12 0 0 0 0 0 76 92 0 25 14 0 54 0 0 81 75 44 0 83 0 0 100 0 0 0 46 0 0 5 11 0 96 53 46 36 17 0 18 11 39 26 53 69 0 0 17 59 0 18 50 0 90 25 26 0 61 0 23 48 0 3 0 0 85 47 0 0 78 52 0 94 59 0 0 0 0 7 0 55 0 54 92 61 67 66 0 0 47 73 74 0 0 100 0 4 74 31 0 0 0 0 67 
90 17 0 54 0 34 58 68 0 86 0 51 0 0 59 15 0 46 0 78 97 0 0 25 34 64 0 0 0 62 0 80 0 0 90 39 0 42 85 77 97 34 0 77 0 0 62 0 76 0 0 92 2 34 0 48 0 34 24 19 0 0 0 0 0 0 6 14 42 0 0 0 52 0 0 0 47 0 0 60 0 0 80 0 46 0 0 0 30 0 83 31 0 90 33 93 0 0 0 0 0 0 0 0 0 0 95 0 0 84 41 0 0 92 16 93 0 0 27 0 40 0 0 39 28 34 81 71 0 100 0 0 30 0 13 39 0 84 7 0 0 88 30 0 70 82 93 25 67 0 
