40 8
0 51 0 0 75 26 91 96 100 88 12 0 77 0 78 0 2 22 62 0 21 78 0 0 9 0 36 55 93 78 7 0 90 17 43 19 0 80 13 1 
51 0 56 0 100 0 95 86 0 0 26 83 22 0 24 13 0 0 38 32 28 85 0 0 90 17 4 45 63 17 0 0 60 0 0 0 20 40 62 73 
0 56 0 0 92 0 28 63 25 93 0 11 0 35 10 48 52 6 65 0 36 74 68 84 75 0 100 16 20 90 67 0 14 57 0 85 25 0 34 6 
0 0 0 0 0 93 0 7 31 39 21 80 5 39 90 47 10 77 0 60 98 29 0 30 0 20 78 5 65 74 0 3 63 40 85 45 83 61 94 0 
75 100 92 0 0 92 71 5 60 34 0 90 24 17 0 93 57 71 30 74 29 64 35 32 0 47 18 12 100 28 35 0 76 66 0 0 73 52 0 0 
26 0 0 93 92 0 19 8 96 2 29 4 63 75 19 19 30 95 0 44 0 20 28 27 45 0 3 59 0 0 59 85 26 0 19 6 36 0 24 0 
91 95 28 0 71 19 0 90 35 0 0 42 60 0 0 83 68 13 55 54 4 57 24 70 28 81 0 67 36 26 97 0 42 33 46 90 50 25 68 58 
96 86 63 7 5 8 90 0 100 46 0 0 83 0 16 0 65 85 0 0 31 5 0 20 79 68 11 42 33 16 0 48 13 70 0 3 0 6 63 37 
100 0 25 31 60 96 35 100 0 84 84 94 76 73 0 0 0 0 40 100 96 0 0 93 0 0 94 26 81 0 0 49 20 59 0 32 44 67 74 21 
88 0 93 39 34 2 0 46 84 0 65 1 0 63 0 12 28 77 40 97 66 0 0 12 84 78 0 86 10 0 34 89 0 99 0 63 83 58 68 0 
12 26 0 21 0 29 0 0 84 65 0 46 0 57 0 27 78 0 87 71 0 19 0 5 57 0 85 10 19 6 42 13 43 85 39 18 13 69 78 0 
0 83 11 80 90 4 42 0 94 1 46 0 0 61 96 0 0 95 9 39 35 0 0 82 0 14 68 83 6 23 0 2 85 77 68 0 17 45 0 65 
77 22 0 5 24 63 60 83 76 0 0 0 0 93 58 0 0 71 53 65 75 93 0 99 87 17 10 84 37 71 79 48 33 81 69 3 58 32 0 83 
0 0 35 39 17 75 0 0 73 63 57 61 93 0 31 74 62 33 0 81 45 27 0 0 69 40 86 78 87 33 53 94 62 0 37 0 79 86 62 0 
78 24 10 90 0 19 0 16 0 0 0 96 58 31 0 0 73 0 24 0 94 0 67 0 0 58 48 37 55 0 0 0 0 8 86 50 76 60 21 77 
0 13 48 47 93 19 83 0 0 12 27 0 0 74 0 0 19 0 0 0 0 86 89 54 0 0 93 0 27 59 94 48 32 89 0 80 55 44 46 0 
2 0 52 10 57 30 68 65 0 28 78 0 0 62 73 19 0 67 69 81 83 0 0 0 0 23 0 31 0 0 0 96 0 91 44 97 48 24 60 73 
22 0 6 77 71 95 13 85 0 77 0 95 71 33 0 0 67 0 91 24 77 75 88 45 2 0 51 97 56 19 2 92 89 0 0 88 0 85 45 40 
62 38 65 0 30 0 55 0 40 40 87 9 53 0 24 0 69 91 0 8 85 11 40 4 68 9 55 21 61 86 0 79 30 24 12 0 34 16 83 0 
0 32 0 60 74 44 54 0 100 97 71 39 65 81 0 0 81 24 8 0 0 89 72 57 0 95 0 35 0 0 77 18 0 16 74 95 51 97 85 7 
21 28 36 98 29 0 4 31 96 66 0 35 75 45 94 0 83 77 85 0 0 96 73 39 26 24 0 0 0 65 64 0 0 0 30 29 81 0 2 35 
78 85 74 29 64 20 57 5 0 0 19 0 93 27 0 86 0 75 11 89 96 0 5 72 74 51 75 67 4 97 35 36 87 99 0 0 60 83 41 34 
0 0 68 0 35 28 24 0 0 0 0 0 0 0 67 89 0 88 40 72 73 5 0 91 44 99 36 18 16 35 83 78 7 52 1 27 16 62 82 0 
0 0 84 30 32 27 70 20 93 12 5 82 99 0 0 54 0 45 4 57 39 72 91 0 53 78 52 45 77 97 2 1 9 38 48 0 26 66 20 44 
9 90 75 0 0 45 28 79 0 84 57 0 87 69 0 0 0 2 68 0 26 74 44 53 0 40 0 26 17 6 0 4 83 0 68 11 33 0 77 17 
0 17 0 20 47 0 81 68 0 78 0 14 17 40 58 0 23 0 9 95 24 51 99 78 40 0 93 0 80 73 29 68 0 0 0 3 56 0 66 0 
36 4 100 78 18 3 0 11 94 0 85 68 10 86 48 93 0 51 55 0 0 75 36 52 0 93 0 76 41 21 78 78 4 0 57 100 0 13 10 16 
55 45 16 5 12 59 67 42 26 86 10 83 84 78 37 0 31 97 21 35 0 67 18 45 26 0 76 0 4 0 0 31 42 12 97 11 29 0 29 8 
93 63 20 65 100 0 36 33 81 10 19 6 37 87 55 27 0 56 61 0 0 4 16 77 17 80 41 4 0 46 2 61 0 9 64 0 69 0 0 0 
78 17 90 74 28 0 26 16 0 0 6 23 71 33 0 59 0 19 86 0 65 97 35 97 6 73 21 0 46 0 3 29 0 77 54 47 20 85 4 74 
7 0 67 0 35 59 97 0 0 34 42 0 79 53 0 94 0 2 0 77 64 35 83 2 0 29 78 0 2 3 0 72 0 7 0 0 0 58 62 0 
0 0 0 3 0 85 0 48 49 89 13 2 48 94 0 48 96 92 79 18 0 36 78 1 4 68 78 31 61 29 72 0 35 20 0 89 44 0 87 66 
90 60 14 63 76 26 42 13 20 0 43 85 33 62 0 32 0 89 30 0 0 87 7 9 83 0 4 42 0 0 0 35 0 0 0 8 46 0 65 61 
17 0 57 40 66 0 33 70 59 99 85 77 81 0 8 89 91 0 24 16 0 99 52 38 0 0 0 12 9 77 7 20 0 0 49 55 0 27 99 0 
43 0 0 85 0 19 46 0 0 0 39 68 69 37 86 0 44 0 12 74 30 0 1 48 68 0 57 97 64 54 0 0 0 49 0 82 13 8 53 53 
19 0 85 45 0 6 90 3 32 63 18 0 3 0 50 80 97 88 0 95 29 0 27 0 11 3 100 11 0 47 0 89 8 55 82 0 52 42 25 9 
0 20 25 83 73 36 50 0 44 83 13 17 58 79 76 55 48 0 34 51 81 60 16 26 33 56 0 29 69 20 0 44 46 0 13 52 0 11 95 59 
80 40 0 61 52 0 25 6 67 58 69 45 32 86 60 44 24 85 16 97 0 83 62 66 0 0 13 0 0 85 58 0 0 27 8 42 11 0 0 48 
13 62 34 94 0 24 68 63 74 68 78 0 0 62 21 46 60 45 83 85 2 41 82 20 77 66 10 29 0 4 62 87 65 99 53 25 95 0 0 0 
1 73 6 0 0 0 58 37 21 0 0 65 83 0 77 0 73 40 0 7 35 34 0 44 17 0 16 8 0 74 0 66 61 0 53 9 59 48 0 0 
