80 16
0 66 72 38 0 0 12 20 1 0 76 27 82 0 0 64 39 63 32 64 0 6 0 0 0 77 0 0 42 0 58 78 43 62 28 0 0 25 16 90 95 0 85 0 33 29 48 0 37 0 89 69 96 0 28 0 0 53 41 0 20 28 0 96 0 98 0 55 31 73 39 0 87 0 19 0 0 0 0 0 
66 0 0 46 25 54 29 0 0 51 0 0 10 0 13 54 93 12 29 3 68 12 54 55 0 11 28 0 46 47 57 31 0 54 23 30 57 0 0 45 36 27 0 50 0 26 0 0 0 6 27 89 52 0 40 9 85 65 19 10 0 10 0 0 75 6 42 99 0 0 0 38 29 28 0 48 31 0 61 7 
72 0 0 90 9 80 0 0 55 0 15 5 60 50 98 0 0 56 82 56 62 5 0 0 60 49 0 0 29 34 14 41 0 0 70 54 40 0 0 0 0 3 0 58 61 0 0 78 36 24 2 0 0 78 3 0 99 0 0 89 93 37 39 0 77 59 0 0 0 27 0 0 4 14 35 63 86 0 14 94 
38 46 90 0 97 0 0 33 0 43 0 73 0 16 51 52 68 81 72 86 71 64 0 36 0 12 0 0 40 4 0 0 61 25 96 11 84 0 5 0 0 48 0 0 0 43 9 0 0 84 0 42 0 0 0 0 22 0 0 43 0 15 80 0 8 0 88 0 0 0 57 67 91 0 13 3 69 0 0 93 
0 25 9 97 0 61 0 45 2 29 0 48 58 0 65 0 0 9 2 0 0 83 0 0 13 0 0 34 39 0 58 80 97 34 11 0 62 0 0 0 70 40 0 54 0 97 46 31 47 89 0 55 52 0 46 42 0 0 85 25 66 0 32 0 65 40 36 13 0 47 51 0 0 0 0 42 0 0 79 42 
0 54 80 0 61 0 0 4 0 58 0 0 0 0 50 0 0 0 0 42 31 0 62 19 99 0 0 0 54 69 0 0 0 20 78 84 0 48 0 55 0 36 0 42 81 0 67 50 95 0 34 60 31 5 75 1 0 56 6 0 8 28 0 73 0 0 0 64 40 0 0 96 65 0 0 32 77 0 0 67 
12 29 0 0 0 0 0 54 5 0 0 0 0 0 93 0 51 0 57 40 60 61 0 0 30 45 4 61 49 10 78 67 82 9 0 0 0 0 0 0 89 46 64 0 66 51 36 0 96 0 0 51 38 6 0 37 10 72 96 0 0 41 0 75 0 0 0 0 27 80 85 79 7 0 0 82 0 19 0 61 
20 0 0 33 45 4 54 0 58 40 0 32 19 0 41 0 0 55 0 30 0 0 0 0 76 0 1 0 27 0 0 52 64 0 48 58 0 0 80 0 88 68 4 40 0 0 44 0 0 4 77 97 0 0 0 0 26 0 0 0 48 0 71 0 0 53 73 22 78 0 0 0 23 0 0 88 63 38 0 0 
1 0 55 0 2 0 5 58 0 0 0 0 29 0 58 94 2 0 72 25 37 0 11 66 0 60 40 42 22 28 46 0 18 0 13 92 0 0 80 63 21 22 93 0 20 0 0 0 0 37 0 82 68 60 1 0 0 0 50 22 6 26 89 0 43 0 48 55 13 0 0 87 29 0 0 10 94 0 44 0 
0 51 0 43 29 58 0 40 0 0 0 51 96 0 59 42 0 0 19 0 34 11 0 83 0 46 0 41 88 0 0 94 61 0 0 83 26 0 0 0 69 0 6 18 0 26 0 73 54 0 0 0 0 0 0 27 85 60 75 75 49 19 0 24 14 90 0 0 52 24 76 0 0 98 0 55 0 0 31 0 
76 0 15 0 0 0 0 0 0 0 0 0 0 7 34 66 46 78 69 18 51 54 31 71 0 0 71 85 65 0 11 0 0 0 0 0 0 0 99 0 0 0 100 59 3 0 10 23 0 57 96 0 0 0 0 0 66 42 0 0 51 60 0 28 0 0 0 39 0 8 0 0 0 24 12 0 86 0 0 53 
27 0 5 73 48 0 0 32 0 51 0 0 0 23 8 0 73 21 67 0 0 76 0 0 0 0 36 0 27 0 76 68 0 0 84 5 85 0 0 0 0 36 44 0 52 56 0 17 76 75 0 67 10 0 0 4 41 55 81 39 0 29 46 28 0 16 0 0 0 8 65 66 0 0 81 0 0 0 51 40 
82 10 60 0 58 0 0 19 29 96 0 0 0 0 0 60 0 0 0 0 93 80 43 0 9 53 4 72 0 43 0 0 0 0 71 21 42 0 39 0 54 43 89 0 71 1 0 28 72 0 43 0 40 75 15 37 85 48 6 93 10 53 91 29 0 0 89 84 0 0 0 1 49 13 0 0 0 42 50 44 
0 0 50 16 0 0 0 0 0 0 7 23 0 0 67 0 0 40 77 44 0 0 0 10 72 35 35 0 19 80 0 0 0 0 0 0 0 84 0 0 66 0 22 16 95 23 54 36 85 53 34 0 81 0 5 0 18 14 0 0 62 0 49 75 50 40 97 0 67 91 0 0 0 0 0 0 100 0 85 0 
0 13 98 51 65 50 93 41 58 59 34 8 0 67 0 0 0 0 0 43 84 57 46 0 28 0 0 0 72 26 0 0 17 14 59 0 6 0 93 75 40 0 0 0 0 49 37 72 55 0 0 0 30 0 67 13 0 0 22 0 0 0 68 56 41 43 15 86 0 0 0 12 95 0 0 0 0 97 0 92 
64 54 0 52 0 0 0 0 94 42 66 0 60 0 0 0 87 53 77 0 79 82 0 0 0 0 0 9 0 10 0 0 67 0 0 57 0 59 79 46 18 5 60 0 38 64 0 0 0 84 61 0 0 72 73 58 34 62 83 36 53 18 0 0 35 65 0 0 0 54 0 0 82 6 72 0 100 0 0 0 
39 93 0 68 0 0 51 0 2 0 46 73 0 0 0 87 0 31 0 0 69 0 82 36 26 53 1 20 0 0 0 5 77 97 0 0 81 0 25 0 0 25 0 100 54 0 93 28 71 95 54 3 51 15 5 93 0 0 0 0 3 0 13 57 87 0 26 0 53 68 66 7 0 0 0 0 0 0 0 0 
63 12 56 81 9 0 0 55 0 0 78 21 0 40 0 53 31 0 29 87 0 43 0 0 0 67 42 74 55 0 79 66 0 62 18 17 63 68 0 0 67 38 0 39 0 0 0 0 0 0 24 0 0 16 0 0 60 0 0 0 83 83 0 60 99 44 87 0 0 0 55 7 0 62 37 43 0 76 94 0 
32 29 82 72 2 0 57 0 72 19 69 67 0 77 0 77 0 29 0 0 0 1 0 3 0 54 0 0 80 69 0 0 88 0 31 0 71 0 43 7 42 1 90 66 0 15 0 24 71 0 0 67 42 30 0 38 42 67 0 78 0 0 2 78 39 0 0 11 19 10 0 25 20 0 0 0 0 0 73 0 
64 3 56 86 0 42 40 30 25 0 18 0 0 44 43 0 0 87 0 0 0 75 34 63 67 0 0 8 66 58 51 12 0 31 50 0 74 0 18 0 53 2 0 0 58 0 0 69 0 69 76 0 0 42 50 35 35 84 0 20 0 0 0 1 0 0 56 0 0 27 29 0 0 0 0 12 21 0 0 0 
0 68 62 71 0 31 60 0 37 34 51 0 93 0 84 79 69 0 0 0 0 28 80 47 0 0 73 0 29 100 69 0 88 0 74 87 16 0 0 16 54 94 0 0 0 51 0 63 73 0 0 0 0 99 0 0 0 0 33 11 0 0 0 0 82 0 0 100 0 0 0 24 85 54 86 98 5 55 48 0 
6 12 5 64 83 0 61 0 0 11 54 76 80 0 57 82 0 43 1 75 28 0 0 0 0 0 0 69 90 0 0 0 0 39 92 9 90 0 65 0 0 0 66 0 0 8 18 0 81 0 15 0 57 20 40 0 60 92 0 56 79 0 98 25 0 81 0 78 73 43 58 0 0 0 0 0 0 48 0 0 
0 54 0 0 0 62 0 0 11 0 31 0 43 0 46 0 82 0 0 34 80 0 0 0 0 55 71 8 0 0 99 9 82 0 0 0 33 0 14 6 33 88 90 9 0 54 63 0 0 11 0 0 89 0 40 55 0 0 0 0 54 12 2 0 0 0 94 28 0 63 67 0 22 95 0 0 45 31 0 56 
0 55 0 36 0 19 0 0 66 83 71 0 0 10 0 0 36 0 3 63 47 0 0 0 0 92 0 11 0 47 95 0 61 65 0 90 39 0 3 61 0 29 54 0 0 0 0 0 34 0 6 72 50 27 3 0 53 31 69 0 49 0 17 0 10 85 77 0 0 29 89 12 31 52 0 92 66 0 0 78 
0 0 60 0 13 99 30 76 0 0 0 0 9 72 28 0 26 0 0 67 0 0 0 0 0 0 76 20 0 0 67 91 0 50 0 0 0 21 40 0 76 0 51 0 30 0 0 20 75 70 0 78 16 0 0 0 55 0 45 30 38 99 0 0 0 27 0 0 73 58 50 31 40 0 39 0 0 5 0 0 
77 11 49 12 0 0 45 0 60 46 0 0 53 35 0 0 53 67 54 0 0 0 55 92 0 0 48 10 0 0 21 0 0 0 47 4 0 16 84 0 0 10 0 94 0 0 24 15 45 65 0 0 32 0 20 0 0 0 0 99 0 0 72 72 0 0 68 0 0 0 0 0 63 0 0 0 20 0 69 6 
0 28 0 0 0 0 4 1 40 0 71 36 4 35 0 0 1 42 0 0 73 0 71 0 76 48 0 85 0 0 37 56 38 0 0 0 0 60 0 0 75 78 19 31 69 60 0 0 21 43 13 0 0 34 29 0 19 0 0 0 0 0 93 77 99 29 65 25 0 0 14 0 0 11 52 50 100 0 15 51 
0 0 0 0 34 0 61 0 42 41 85 0 72 0 0 9 20 74 0 8 0 69 8 11 20 10 85 0 0 0 9 48 90 0 0 15 70 54 0 28 57 69 0 0 0 0 0 0 62 23 0 0 0 0 0 50 74 0 0 0 95 0 39 8 37 0 99 52 97 80 20 0 27 0 0 0 16 0 29 0 
42 46 29 40 39 54 49 27 22 88 65 27 0 19 72 0 0 55 80 66 29 90 0 0 0 0 0 0 0 98 0 0 3 0 0 82 3 93 68 17 19 87 18 0 28 81 32 69 0 0 0 10 89 1 11 40 7 0 26 0 0 41 7 29 0 86 0 0 60 0 20 0 89 0 12 13 0 55 0 0 
0 47 34 4 0 69 10 0 28 0 0 0 43 80 26 10 0 0 69 58 100 0 0 47 0 0 0 0 98 0 11 0 0 0 0 31 98 0 0 100 0 55 3 68 0 1 33 0 92 0 52 99 76 0 97 98 78 67 0 0 0 25 9 82 73 0 100 0 81 100 0 21 97 30 59 0 0 72 9 31 
58 57 14 0 58 0 78 0 46 0 11 76 0 0 0 0 0 79 0 51 69 0 99 95 67 21 37 9 0 11 0 0 67 8 0 93 0 0 0 45 40 72 0 93 6 33 0 64 0 27 23 95 0 0 66 0 90 38 97 47 28 81 0 0 0 0 22 0 42 0 0 70 97 0 38 82 0 21 0 0 
78 31 41 0 80 0 67 52 0 94 0 68 0 0 0 0 5 66 0 12 0 0 9 0 91 0 56 48 0 0 0 0 0 35 0 8 0 0 92 0 72 0 61 72 0 21 78 40 0 0 0 72 4 0 0 0 86 0 76 0 32 68 0 87 84 56 63 26 0 0 0 50 0 0 98 0 0 0 0 95 
43 0 0 61 97 0 82 64 18 61 0 0 0 0 17 67 77 0 88 0 88 0 82 61 0 0 38 90 3 0 67 0 0 0 77 0 0 31 46 34 0 40 68 0 0 0 0 0 80 25 73 0 17 98 91 37 51 0 0 0 68 23 17 58 0 67 0 0 0 0 88 0 15 0 24 0 32 0 0 9 
62 54 0 25 34 20 9 0 0 0 0 0 0 0 14 0 97 62 0 31 0 39 0 65 50 0 0 0 0 0 8 35 0 0 81 42 0 0 0 0 0 23 45 81 40 77 74 0 0 0 0 42 4 0 15 93 0 32 0 54 40 21 0 48 0 0 10 0 91 56 0 73 0 0 0 0 2 67 57 17 
28 23 70 96 11 78 0 48 13 0 0 84 71 0 59 0 0 18 31 50 74 92 0 0 0 47 0 0 0 0 0 0 77 81 0 19 75 97 6 45 96 0 0 0 0 0 38 88 85 0 0 15 0 36 38 0 0 0 0 6 68 0 0 38 0 9 99 0 31 50 0 0 0 0 58 0 0 0 84 10 
0 30 54 11 0 84 0 58 92 83 0 5 21 0 0 57 0 17 0 0 87 9 0 90 0 4 0 15 82 31 93 8 0 42 19 0 25 61 0 71 0 85 74 0 74 88 81 71 0 0 0 12 0 0 53 0 0 5 0 96 71 0 74 12 25 78 48 40 24 57 0 0 3 0 0 11 20 0 0 0 
0 57 40 84 62 0 0 0 0 26 0 85 42 0 6 0 81 63 71 74 16 90 33 39 0 0 0 70 3 98 0 0 0 0 75 25 0 62 24 99 68 0 68 94 21 35 0 0 44 54 3 0 0 0 12 0 0 0 0 34 0 0 19 0 0 36 58 0 81 65 55 0 0 30 21 0 0 0 79 81 
25 0 0 0 0 48 0 0 0 0 0 0 0 84 0 59 0 68 0 0 0 0 0 0 21 16 60 54 93 0 0 0 31 0 97 61 62 0 0 0 0 22 4 0 0 0 0 0 86 64 4 92 96 0 0 34 88 0 70 96 1 13 3 24 6 74 64 68 0 99 95 93 0 0 66 77 0 0 93 6 
16 0 0 5 0 0 0 80 80 0 99 0 39 0 93 79 25 0 43 18 0 65 14 3 40 84 0 0 68 0 0 92 46 0 6 0 24 0 0 86 32 14 0 0 19 77 0 81 42 0 42 0 5 90 0 90 88 0 0 64 0 67 0 0 62 0 0 0 0 68 0 0 0 60 0 59 0 98 0 18 
90 45 0 0 0 55 0 0 63 0 0 0 0 0 75 46 0 0 7 0 16 0 6 61 0 0 0 28 17 100 45 0 34 0 45 71 99 0 86 0 0 8 0 43 0 6 92 0 96 0 2 0 62 0 16 0 0 61 9 0 85 57 0 24 26 48 27 0 30 0 16 0 0 61 0 39 0 25 0 0 
95 36 0 0 70 0 89 88 21 69 0 0 54 66 40 18 0 67 42 53 54 0 33 0 76 0 75 57 19 0 40 72 0 0 96 0 68 0 32 0 0 24 0 34 0 0 4 14 0 0 0 69 0 75 0 60 0 60 0 0 0 0 6 14 23 0 0 80 14 47 0 98 0 0 85 0 81 52 0 50 
0 27 3 48 40 36 46 68 22 0 0 36 43 0 0 5 25 38 1 2 94 0 88 29 0 10 78 69 87 55 72 0 40 23 0 85 0 22 14 8 24 0 0 0 14 87 0 0 0 49 52 1 0 0 39 0 53 78 0 0 28 5 36 9 99 23 0 47 0 70 15 89 0 39 0 0 88 0 0 55 
85 0 0 0 0 0 64 4 93 6 100 44 89 22 0 60 0 0 90 0 0 66 90 54 51 0 19 0 18 3 0 61 68 45 0 74 68 4 0 0 0 0 0 6 34 0 72 52 0 77 79 85 97 71 0 0 26 0 91 0 37 10 48 26 48 0 29 41 97 0 0 57 75 96 23 0 0 18 66 88 
0 50 58 0 54 42 0 40 0 18 59 0 0 16 0 0 100 39 66 0 0 0 9 0 0 94 31 0 0 68 93 72 0 81 0 0 94 0 0 43 34 0 6 0 0 0 59 90 83 16 95 0 75 0 0 0 0 73 0 0 50 0 68 34 0 90 0 60 27 74 79 21 0 4 0 0 67 14 57 6 
33 0 61 0 0 81 66 0 20 0 3 52 71 95 0 38 54 0 0 58 0 0 0 0 30 0 69 0 28 0 6 0 0 40 0 74 21 0 19 0 0 14 34 0 0 84 0 38 0 73 52 24 68 0 70 63 0 27 78 43 27 39 32 0 21 33 0 21 59 0 0 0 0 78 87 0 0 0 81 56 
29 26 0 43 97 0 51 0 0 26 0 56 1 23 49 64 0 0 15 0 51 8 54 0 0 0 60 0 81 1 33 21 0 77 0 88 35 0 77 6 0 87 0 0 84 0 0 63 79 15 11 56 0 31 25 56 74 0 0 0 50 19 92 0 0 0 0 45 31 0 47 0 0 14 21 74 0 0 23 68 
48 0 0 9 46 67 36 44 0 0 10 0 0 54 37 0 93 0 0 0 0 18 63 0 0 24 0 0 32 33 0 78 0 74 38 81 0 0 0 92 4 0 72 59 0 0 0 0 17 0 0 0 47 0 0 0 0 0 5 100 71 0 0 0 49 18 7 0 16 89 0 0 38 0 7 10 0 0 0 0 
0 0 78 0 31 50 0 0 0 73 23 17 28 36 72 0 28 0 24 69 63 0 0 0 20 15 0 0 69 0 64 40 0 0 88 71 0 0 81 0 14 0 52 90 38 63 0 0 0 29 97 66 0 0 0 7 0 0 44 0 0 67 0 96 55 42 0 0 87 31 0 5 52 0 0 81 15 2 4 0 
37 0 36 0 47 95 96 0 0 54 0 76 72 85 55 0 71 0 71 0 73 81 0 34 75 45 21 62 0 92 0 0 80 0 85 0 44 86 42 96 0 0 0 83 0 79 17 0 0 31 0 56 67 92 0 90 0 0 71 64 0 0 0 0 34 90 0 0 97 0 32 97 0 0 0 68 0 0 0 8 
0 6 24 84 89 0 0 4 37 0 57 75 0 53 0 84 95 0 0 69 0 0 11 0 70 65 43 23 0 0 27 0 25 0 0 0 54 64 0 0 0 49 77 16 73 15 0 29 31 0 80 0 0 0 96 68 3 3 0 0 49 23 87 12 54 82 91 16 0 0 54 0 93 0 24 80 0 0 34 54 
89 27 2 0 0 34 0 77 0 0 96 0 43 34 0 61 54 24 0 76 0 15 0 6 0 0 13 0 0 52 23 0 73 0 0 0 3 4 42 2 0 52 79 95 52 11 0 97 0 80 0 0 0 98 24 51 76 20 0 0 0 0 0 0 43 44 0 10 0 75 0 0 89 0 0 63 0 28 0 0 
69 89 0 42 55 60 51 97 82 0 0 67 0 0 0 0 3 0 67 0 0 0 0 72 78 0 0 0 10 99 95 72 0 42 15 12 0 92 0 0 69 1 85 0 24 56 0 66 56 0 0 0 0 0 0 0 0 67 31 5 22 0 96 95 85 0 0 71 18 0 22 0 10 28 47 88 22 58 0 39 
96 52 0 0 52 31 38 0 68 0 0 10 40 81 30 0 51 0 42 0 0 57 89 50 16 32 0 0 89 76 0 4 17 4 0 0 0 96 5 62 0 0 97 75 68 0 47 0 67 0 0 0 0 0 18 28 0 49 97 46 2 65 12 48 47 0 0 0 0 0 0 96 38 16 21 0 0 74 5 75 
0 0 78 0 0 5 6 0 60 0 0 0 75 0 0 72 15 16 30 42 99 20 0 27 0 0 34 0 1 0 0 0 98 0 36 0 0 0 90 0 75 0 71 0 0 31 0 0 92 0 98 0 0 0 52 0 13 28 0 0 51 81 39 0 64 65 30 36 68 32 0 0 0 0 0 0 0 0 0 46 
28 40 3 0 46 75 0 0 1 0 0 0 15 5 67 73 5 0 0 50 0 40 40 3 0 20 29 0 11 97 66 0 91 15 38 53 12 0 0 16 0 39 0 0 70 25 0 0 0 96 24 0 18 52 0 42 14 62 18 0 14 40 0 33 27 84 0 0 45 69 29 41 0 83 0 0 0 0 0 51 
0 9 0 0 42 1 37 0 0 27 0 4 37 0 13 58 93 0 38 35 0 0 55 0 0 0 0 50 40 98 0 0 37 93 0 0 0 34 90 0 60 0 0 0 63 56 0 7 90 68 51 0 28 0 42 0 0 75 51 77 40 0 99 0 0 75 67 3 0 0 0 0 0 0 20 0 0 75 0 85 
0 85 99 22 0 0 10 26 0 85 66 41 85 18 0 34 0 60 42 35 0 60 0 53 55 0 19 74 7 78 90 86 51 0 0 0 0 88 88 0 0 53 26 0 0 74 0 0 0 3 76 0 0 13 14 0 0 0 0 64 49 0 0 0 79 82 0 0 0 58 80 18 44 47 77 10 67 70 0 61 
53 65 0 0 0 56 72 0 0 60 42 55 48 14 0 62 0 0 67 84 0 92 0 31 0 0 0 0 0 67 38 0 0 32 0 5 0 0 0 61 60 78 0 73 27 0 0 0 0 3 20 67 49 28 62 75 0 0 13 0 45 0 0 0 0 0 76 6 81 0 0 0 12 78 0 0 15 0 69 0 
41 19 0 0 85 6 96 0 50 75 0 81 6 0 22 83 0 0 0 0 33 0 0 69 45 0 0 0 26 0 97 76 0 0 0 0 0 70 0 9 0 0 91 0 78 0 5 44 71 0 0 31 97 0 18 51 0 13 0 0 41 0 0 88 0 58 0 0 86 13 45 20 0 49 0 0 0 16 0 0 
0 10 89 43 25 0 0 0 22 75 0 39 93 0 0 36 0 0 78 20 11 56 0 0 30 99 0 0 0 0 47 0 0 54 6 96 34 96 64 0 0 0 0 0 43 0 100 0 64 0 0 5 46 0 0 77 64 0 0 0 82 18 76 0 93 80 87 0 0 0 67 0 57 62 0 0 0 11 68 0 
20 0 93 0 66 8 0 48 6 49 51 0 10 62 0 53 3 83 0 0 0 79 54 49 38 0 0 95 0 0 28 32 68 40 68 71 0 1 0 85 0 28 37 50 27 50 71 0 0 49 0 22 2 51 14 40 49 45 41 82 0 81 44 54 85 84 0 0 0 27 0 51 0 45 76 0 0 0 12 58 
28 10 37 15 0 28 41 0 26 19 60 29 53 0 0 18 0 83 0 0 0 0 12 0 99 0 0 0 41 25 81 68 23 21 0 0 0 13 67 57 0 5 10 0 39 19 0 67 0 23 0 0 65 81 40 0 0 0 0 18 81 0 44 0 37 0 80 0 37 0 48 45 93 53 82 82 83 35 7 0 
0 0 39 80 32 0 0 71 89 0 0 46 91 49 68 0 13 0 2 0 0 98 2 17 0 72 93 39 7 9 0 0 17 0 0 74 19 3 0 0 6 36 48 68 32 92 0 0 0 87 0 96 12 39 0 99 0 0 0 76 44 44 0 83 35 0 43 0 46 0 100 8 0 31 0 52 0 58 0 0 
96 0 0 0 0 73 75 0 0 24 28 28 29 75 56 0 57 60 78 1 0 25 0 0 0 72 77 8 29 82 0 87 58 48 38 12 0 24 0 24 14 9 26 34 0 0 0 96 0 12 0 95 48 0 33 0 0 0 88 0 54 0 83 0 0 33 1 0 0 0 16 74 0 94 23 23 45 10 0 97 
0 75 77 8 65 0 0 0 43 14 0 0 0 50 41 35 87 99 39 0 82 0 0 10 0 0 99 37 0 73 0 84 0 0 0 25 0 6 62 26 23 99 48 0 21 0 49 55 34 54 43 85 47 64 27 0 79 0 0 93 85 37 35 0 0 5 67 0 0 0 0 0 0 84 52 72 0 81 44 70 
98 6 59 0 40 0 0 53 0 90 0 16 0 40 43 65 0 44 0 0 0 81 0 85 27 0 29 0 86 0 0 56 67 0 9 78 36 74 0 48 0 23 0 90 33 0 18 42 90 82 44 0 0 65 84 75 82 0 58 80 84 0 0 33 5 0 0 63 72 83 97 0 0 0 0 0 0 0 34 58 
0 42 0 88 36 0 0 73 48 0 0 0 89 97 15 0 26 87 0 56 0 0 94 77 0 68 65 99 0 100 22 63 0 10 99 48 58 64 0 27 0 0 29 0 0 0 7 0 0 91 0 0 0 30 0 67 0 76 0 87 0 80 43 1 67 0 0 67 69 71 0 0 0 58 100 0 0 84 0 97 
55 99 0 0 13 64 0 22 55 0 39 0 84 0 86 0 0 0 11 0 100 78 28 0 0 0 25 52 0 0 0 26 0 0 0 40 0 68 0 0 80 47 41 60 21 45 0 0 0 16 10 71 0 36 0 3 0 6 0 0 0 0 0 0 0 63 67 0 59 0 95 0 0 8 0 22 78 75 0 85 
31 0 0 0 0 40 27 78 13 52 0 0 0 67 0 0 53 0 19 0 0 73 0 0 73 0 0 97 60 81 42 0 0 91 31 24 81 0 0 30 14 0 97 27 59 31 16 87 97 0 0 18 0 68 45 0 0 81 86 0 0 37 46 0 0 72 69 59 0 40 26 0 0 93 9 0 26 0 0 42 
73 0 27 0 47 0 80 0 0 24 8 8 0 91 0 54 68 0 10 27 0 43 63 29 58 0 0 80 0 100 0 0 0 56 50 57 65 99 68 0 47 70 0 74 0 0 89 31 0 0 75 0 0 32 69 0 58 0 13 0 27 0 0 0 0 83 71 0 40 0 29 34 98 62 74 0 90 76 90 0 
39 0 0 57 51 0 85 0 0 76 0 65 0 0 0 0 66 55 0 29 0 58 67 89 50 0 14 20 20 0 0 0 88 0 0 0 55 95 0 16 0 15 0 79 0 47 0 0 32 54 0 22 0 0 29 0 80 0 45 67 0 48 100 16 0 97 0 95 26 29 0 0 33 0 0 0 97 0 50 0 
0 38 0 67 0 96 79 0 87 0 0 66 1 0 12 0 7 7 25 0 24 0 0 12 31 0 0 0 0 21 70 50 0 73 0 0 0 93 0 0 98 89 57 21 0 0 0 5 97 0 0 0 96 0 41 0 18 0 20 0 51 45 8 74 0 0 0 0 0 34 0 0 0 0 77 62 82 0 93 0 
87 29 4 91 0 65 7 23 29 0 0 0 49 0 95 82 0 0 20 0 85 0 22 31 40 63 0 27 89 97 97 0 15 0 0 3 0 0 0 0 0 0 75 0 0 0 38 52 0 93 89 10 38 0 0 0 44 12 0 57 0 93 0 0 0 0 0 0 0 98 33 0 0 78 42 0 97 34 0 69 
0 28 14 0 0 0 0 0 0 98 24 0 13 0 0 6 0 62 0 0 54 0 95 52 0 0 11 0 0 30 0 0 0 0 0 0 30 0 60 61 0 39 96 4 78 14 0 0 0 0 0 28 16 0 83 0 47 78 49 62 45 53 31 94 84 0 58 8 93 62 0 0 78 0 43 27 0 29 63 0 
19 0 35 13 0 0 0 0 0 0 12 81 0 0 0 72 0 37 0 0 86 0 0 0 39 0 52 0 12 59 38 98 24 0 58 0 21 66 0 0 85 0 23 0 87 21 7 0 0 24 0 47 21 0 0 20 77 0 0 0 76 82 0 23 52 0 100 0 9 74 0 77 42 43 0 84 38 12 55 0 
0 48 63 3 42 32 82 88 10 55 0 0 0 0 0 0 0 43 0 12 98 0 0 92 0 0 50 0 13 0 82 0 0 0 0 11 0 77 59 39 0 0 0 0 0 74 10 81 68 80 63 88 0 0 0 0 10 0 0 0 0 82 52 23 72 0 0 22 0 0 0 62 0 27 84 0 7 35 76 0 
0 31 86 69 0 77 0 63 94 0 86 0 0 100 0 100 0 0 0 21 5 0 45 66 0 20 100 16 0 0 0 0 32 2 0 20 0 0 0 0 81 88 0 67 0 0 0 15 0 0 0 22 0 0 0 0 67 15 0 0 0 83 0 45 0 0 0 78 26 90 97 82 97 0 38 7 0 0 99 98 
0 0 0 0 0 0 19 38 0 0 0 0 42 0 97 0 0 76 0 0 55 48 31 0 5 0 0 0 55 72 21 0 0 67 0 0 0 0 98 25 52 0 18 14 0 0 0 2 0 0 28 58 74 0 0 75 70 0 16 11 0 35 58 10 81 0 84 75 0 76 0 0 34 29 12 35 0 0 32 1 
0 61 14 0 79 0 0 0 44 31 0 51 50 85 0 0 0 94 73 0 48 0 0 0 0 69 15 29 0 9 0 0 0 57 84 0 79 93 0 0 0 0 66 57 81 23 0 4 0 34 0 0 5 0 0 0 0 69 0 68 12 7 0 0 44 34 0 0 0 90 50 93 0 63 55 76 99 32 0 48 
0 7 94 93 42 67 61 0 0 0 53 40 44 0 92 0 0 0 0 0 0 0 56 78 0 6 51 0 0 31 0 95 9 17 10 0 81 6 18 0 50 55 88 6 56 68 0 0 8 54 0 39 75 46 51 85 61 0 0 0 58 0 0 97 70 58 97 85 42 0 0 0 69 0 0 0 98 1 48 0 
