80 12
0 68 37 44 51 88 74 0 15 40 60 0 33 93 14 86 98 0 0 3 0 96 0 100 29 0 3 97 0 6 0 25 32 31 5 78 27 30 1 54 0 37 9 95 0 23 31 34 0 74 49 80 0 0 15 31 59 37 31 0 43 0 90 47 77 64 0 36 15 21 16 80 0 34 36 0 0 69 38 70 
68 0 0 0 12 0 0 0 60 27 41 0 92 94 9 29 0 74 0 38 56 29 72 6 31 14 42 0 30 26 51 0 84 35 53 7 0 62 0 38 64 93 53 77 22 68 0 50 43 93 8 22 59 26 82 77 64 8 94 0 0 85 98 30 38 90 21 50 82 72 0 53 70 100 0 47 0 38 30 72 
37 0 0 69 28 45 64 0 68 0 0 57 19 16 0 15 0 15 51 0 42 0 24 0 62 0 43 73 82 61 89 29 20 0 58 0 93 64 45 0 0 37 57 6 42 0 22 88 33 35 33 84 0 21 77 0 0 41 58 6 27 73 6 87 55 9 36 23 0 12 82 7 13 14 6 0 0 94 34 0 
44 0 69 0 21 84 96 25 0 50 98 56 32 19 96 16 48 2 21 0 23 39 27 0 0 0 51 73 75 83 97 64 62 96 8 28 19 93 0 0 56 28 3 30 13 13 25 0 73 34 52 81 49 0 44 0 0 47 97 51 0 58 83 0 0 3 76 100 51 0 44 60 0 92 65 0 0 91 89 0 
51 12 28 21 0 0 0 46 0 0 0 73 48 77 0 33 27 61 73 55 0 39 0 75 29 20 81 13 0 72 42 6 86 48 52 42 52 29 12 84 78 0 0 68 27 37 94 0 75 64 74 35 49 8 89 77 79 98 0 20 71 95 90 15 0 71 68 28 0 76 33 82 95 93 98 2 89 26 0 57 
88 0 45 84 0 0 78 8 10 89 44 65 49 99 2 8 100 0 60 19 62 72 25 37 25 0 48 0 14 55 0 26 0 24 0 0 97 18 31 26 46 0 53 14 0 36 0 47 0 13 73 6 0 32 87 0 96 18 93 0 62 26 71 89 0 31 44 0 92 34 38 14 76 78 8 10 96 40 0 79 
74 0 64 96 0 78 0 61 20 0 9 0 27 36 93 84 32 62 24 52 78 45 0 39 58 45 76 96 6 57 78 33 61 60 78 17 19 74 0 6 22 3 49 36 41 70 40 85 77 20 12 34 68 0 82 66 86 4 7 76 4 10 64 6 37 85 0 0 0 68 93 30 13 23 13 75 62 65 0 82 
0 0 0 25 46 8 61 0 0 45 26 11 0 0 46 0 51 30 14 0 64 84 0 0 24 41 0 0 95 0 71 49 0 11 15 94 42 32 83 0 50 0 19 10 46 92 75 29 63 98 5 67 35 95 27 0 8 51 10 0 56 0 74 28 26 81 3 0 71 1 0 25 9 80 12 0 39 72 0 70 
15 60 68 0 0 10 20 0 0 0 93 14 0 96 20 9 14 10 71 0 25 14 93 0 80 0 73 86 0 47 59 87 27 34 0 67 80 91 62 78 15 29 32 98 0 75 76 6 56 22 73 90 66 99 15 10 0 41 31 0 0 67 0 31 70 0 0 86 0 92 28 18 0 76 3 10 17 80 9 15 
40 27 0 50 0 89 0 45 0 0 48 58 24 46 62 0 91 98 44 0 73 52 76 42 48 65 83 88 0 79 3 31 35 0 25 59 0 99 16 3 0 40 4 98 0 0 44 47 84 94 69 60 0 27 0 66 75 0 89 58 92 0 12 0 50 16 54 0 0 46 91 0 83 0 37 84 0 0 1 0 
60 41 0 98 0 44 9 26 93 48 0 0 87 70 39 2 22 51 0 54 93 28 71 53 89 0 71 1 20 48 23 64 0 73 44 50 0 99 27 17 51 33 10 50 47 0 38 48 0 83 37 20 43 80 42 0 54 46 24 36 0 14 0 37 0 76 70 43 0 70 69 23 88 0 3 0 0 25 0 97 
0 0 57 56 73 65 0 11 14 58 0 0 51 95 20 31 0 0 95 0 56 18 13 60 22 17 0 86 0 0 28 37 0 78 65 70 0 0 56 29 96 64 0 74 0 0 50 97 15 0 47 74 0 0 15 0 87 37 0 0 0 70 57 31 60 31 52 88 31 0 65 0 16 92 29 93 36 93 43 29 
33 92 19 32 48 49 27 0 0 24 87 51 0 52 24 35 42 52 12 99 4 66 36 50 0 95 30 71 0 57 0 56 93 83 30 81 90 0 12 0 98 75 93 98 0 2 80 94 29 72 91 27 87 53 48 54 94 0 93 59 72 0 46 8 39 0 0 53 21 42 50 0 11 13 54 77 99 4 0 3 
93 94 16 19 77 99 36 0 96 46 70 95 52 0 0 51 0 0 0 87 20 42 8 71 84 33 59 13 19 0 36 0 4 15 9 0 0 52 0 0 89 0 0 53 0 14 32 8 39 10 25 0 65 0 29 51 75 4 70 32 98 87 76 0 44 0 91 41 0 0 35 33 8 71 80 64 0 87 40 0 
14 9 0 96 0 2 93 46 20 62 39 20 24 0 0 80 53 81 15 54 26 22 3 44 79 0 0 42 0 0 0 0 86 53 49 21 0 71 49 32 8 0 41 81 17 94 40 26 88 86 32 58 77 40 9 90 48 39 60 3 95 45 11 18 35 67 48 87 96 96 0 40 19 81 5 17 13 46 40 19 
86 29 15 16 33 8 84 0 9 0 2 31 35 51 80 0 70 97 83 37 0 70 4 0 99 95 0 4 59 2 0 74 0 0 41 48 0 0 8 68 34 0 0 0 43 98 0 10 0 97 5 0 24 40 92 19 84 92 60 0 0 0 0 63 0 0 0 32 46 69 62 38 57 5 43 7 66 68 47 53 
98 0 0 48 27 100 32 51 14 91 22 0 42 0 53 70 0 80 0 17 40 9 0 15 61 21 12 16 0 15 0 15 95 32 35 0 8 0 0 36 4 31 34 78 48 50 91 0 45 48 7 0 85 0 32 39 88 93 52 0 93 5 41 0 79 97 0 74 23 81 97 0 16 92 98 40 73 43 50 87 
0 74 15 2 61 0 62 30 10 98 51 0 52 0 81 97 80 0 87 0 66 0 25 15 93 54 88 9 100 9 85 60 0 87 98 70 76 3 41 99 49 81 94 42 74 0 73 15 87 51 92 0 81 26 35 90 21 83 0 44 50 69 2 93 15 0 99 0 83 0 64 80 16 11 63 88 14 9 5 0 
0 0 51 21 73 60 24 14 71 44 0 95 12 0 15 83 0 87 0 85 28 0 54 85 43 40 94 0 98 98 20 65 15 9 65 17 0 97 55 28 7 78 0 96 87 90 89 98 0 94 0 17 33 0 0 24 75 3 94 6 43 0 0 79 98 70 44 0 56 78 0 39 75 42 44 0 49 39 0 33 
3 38 0 0 55 19 52 0 0 0 54 0 99 87 54 37 17 0 85 0 0 66 0 0 0 51 39 5 35 78 88 91 29 65 90 0 87 0 0 30 0 22 98 54 0 79 5 78 15 96 2 45 49 0 0 71 34 93 7 11 58 0 40 25 7 17 14 23 16 0 61 66 79 30 88 30 65 11 0 29 
0 56 42 23 0 62 78 64 25 73 93 56 4 20 26 0 40 66 28 0 0 0 91 100 69 0 27 8 25 53 53 64 58 0 87 0 33 30 0 0 88 16 48 0 86 35 97 0 12 95 70 84 63 19 61 34 32 32 11 85 66 22 48 82 43 82 0 23 0 90 11 0 0 33 18 38 49 3 24 40 
96 29 0 39 39 72 45 84 14 52 28 18 66 42 22 70 9 0 0 66 0 0 62 18 92 73 71 1 31 0 32 78 14 0 13 21 0 21 86 0 87 68 0 77 0 75 61 91 0 36 42 18 0 35 92 94 100 27 43 0 24 0 25 0 34 33 96 76 19 0 73 6 86 94 35 22 59 92 10 0 
0 72 24 27 0 25 0 0 93 76 71 13 36 8 3 4 0 25 54 0 91 62 0 0 31 0 83 11 56 0 41 0 76 72 93 65 0 15 30 35 29 40 35 27 54 91 85 95 12 2 40 0 0 47 32 72 0 89 42 94 40 3 76 51 42 71 90 84 0 83 41 0 40 85 73 39 0 95 22 44 
100 6 0 0 75 37 39 0 0 42 53 60 50 71 44 0 15 15 85 0 100 18 0 0 23 0 0 0 0 0 40 41 62 33 0 47 93 0 90 40 57 83 39 46 23 70 0 45 66 55 20 31 50 0 87 25 33 78 0 16 5 4 72 25 0 41 45 18 9 0 93 88 65 96 57 14 44 47 79 43 
29 31 62 0 29 25 58 24 80 48 89 22 0 84 79 99 61 93 43 0 69 92 31 23 0 19 0 72 0 21 44 0 41 85 66 30 0 63 59 0 0 11 0 78 99 26 94 91 0 0 51 3 0 0 0 10 98 7 18 29 79 73 83 57 0 11 88 79 0 0 62 43 13 47 0 50 89 51 63 80 
0 14 0 0 20 0 45 41 0 65 0 17 95 33 0 95 21 54 40 51 0 73 0 0 19 0 27 14 41 28 31 66 61 78 0 54 84 36 0 66 39 12 9 26 0 8 0 74 47 34 71 19 65 66 0 37 21 81 5 39 40 21 95 0 0 78 0 0 15 0 11 27 33 23 85 71 3 42 84 51 
3 42 43 51 81 48 76 0 73 83 71 0 30 59 0 0 12 88 94 39 27 71 83 0 0 27 0 65 53 0 84 84 32 0 59 93 0 0 98 71 0 12 83 0 0 72 59 15 100 36 27 0 0 0 87 0 29 10 33 78 70 71 84 81 28 0 44 91 39 76 0 0 46 82 60 99 40 0 24 0 
97 0 73 73 13 0 96 0 86 88 1 86 71 13 42 4 16 9 0 5 8 1 11 0 72 14 65 0 30 76 0 44 90 91 0 35 0 27 29 83 17 86 32 100 18 27 3 0 9 66 1 82 3 0 35 14 41 88 32 30 33 53 0 59 91 0 84 18 81 75 0 25 9 52 15 52 44 0 55 73 
0 30 82 75 0 14 6 95 0 0 20 0 0 19 0 59 0 100 98 35 25 31 56 0 0 41 53 30 0 12 58 29 50 25 100 0 72 93 0 86 0 85 35 21 14 23 41 6 96 0 0 38 86 86 31 58 86 69 82 8 62 58 85 91 84 0 55 72 0 13 70 60 57 71 51 35 0 76 45 0 
6 26 61 83 72 55 57 0 47 79 48 0 57 0 0 2 15 9 98 78 53 0 0 0 21 28 0 76 12 0 85 76 94 76 0 60 40 67 50 68 78 22 52 86 60 5 65 36 21 37 98 0 56 66 42 34 71 50 41 0 0 94 0 22 82 14 0 20 27 23 54 0 0 46 44 48 94 58 0 84 
0 51 89 97 42 0 78 71 59 3 23 28 0 36 0 0 0 85 20 88 53 32 41 40 44 31 84 0 58 85 0 13 0 83 18 9 0 32 6 38 0 57 78 44 33 0 25 40 24 54 66 84 95 45 12 71 28 90 0 50 0 0 43 4 83 30 36 42 60 74 0 68 0 0 96 84 24 20 76 10 
25 0 29 64 6 26 33 49 87 31 64 37 56 0 0 74 15 60 65 91 64 78 0 41 0 66 84 44 29 76 13 0 59 40 9 0 47 0 27 66 50 0 57 0 51 52 50 16 28 0 0 47 1 37 50 20 0 43 0 67 17 74 0 23 42 0 91 88 19 71 84 19 0 100 0 98 77 0 0 50 
32 84 20 62 86 0 61 0 27 35 0 0 93 4 86 0 95 0 15 29 58 14 76 62 41 61 32 90 50 94 0 59 0 0 34 0 86 13 6 0 12 48 93 66 34 98 43 77 54 0 67 58 1 39 59 54 0 0 61 95 55 94 41 0 27 0 0 15 97 53 44 86 24 97 46 82 52 86 81 0 
31 35 0 96 48 24 60 11 34 0 73 78 83 15 53 0 32 87 9 65 0 0 72 33 85 78 0 91 25 76 83 40 0 0 19 0 0 0 0 13 2 99 34 69 9 8 0 92 0 0 3 86 0 71 41 10 13 51 32 0 80 84 18 49 96 59 53 0 67 57 0 15 0 47 62 3 0 59 3 57 
5 53 58 8 52 0 78 15 0 25 44 65 30 9 49 41 35 98 65 90 87 13 93 0 66 0 59 0 100 0 18 9 34 19 0 85 93 50 0 17 17 86 19 26 93 0 56 45 48 0 0 60 29 11 55 64 9 74 77 70 0 0 40 12 0 0 0 70 0 0 0 0 0 35 57 100 45 0 96 62 
78 7 0 28 42 0 17 94 67 59 50 70 81 0 21 48 0 70 17 0 0 21 65 47 30 54 93 35 0 60 9 0 0 0 85 0 71 33 0 29 16 94 30 13 0 4 34 29 83 0 0 86 18 28 46 0 14 32 66 0 47 76 57 4 21 56 35 66 0 51 92 26 13 66 35 82 75 21 76 74 
27 0 93 19 52 97 19 42 80 0 0 0 90 0 0 0 8 76 0 87 33 0 0 93 0 84 0 0 72 40 0 47 86 0 93 71 0 0 34 96 6 70 11 35 0 41 48 80 59 88 0 39 12 7 50 9 0 28 0 9 0 84 9 94 6 87 20 14 51 0 23 0 91 16 25 1 34 78 19 84 
30 62 64 93 29 18 74 32 91 99 99 0 0 52 71 0 0 3 97 0 30 21 15 0 63 36 0 27 93 67 32 0 13 0 50 33 0 0 33 52 19 0 62 84 37 0 37 96 92 91 54 0 71 91 48 83 92 27 83 84 31 44 70 2 42 78 54 43 83 36 0 94 23 62 84 15 72 47 0 48 
1 0 45 0 12 31 0 83 62 16 27 56 12 0 49 8 0 41 55 0 0 86 30 90 59 0 98 29 0 50 6 27 6 0 0 0 34 33 0 0 77 2 90 0 87 61 0 0 0 86 90 0 1 18 0 67 91 58 48 15 72 24 0 97 0 0 7 26 38 0 14 63 29 14 19 74 0 54 0 0 
54 38 0 0 84 26 6 0 78 3 17 29 0 0 32 68 36 99 28 30 0 0 35 40 0 66 71 83 86 68 38 66 0 13 17 29 96 52 0 0 0 24 0 49 0 0 35 89 88 18 49 96 76 87 36 0 17 14 43 15 67 16 77 95 0 15 34 51 80 91 92 62 69 91 100 0 65 41 97 3 
0 64 0 56 78 46 22 50 15 0 51 96 98 89 8 34 4 49 7 0 88 87 29 57 0 39 0 17 0 78 0 50 12 2 17 16 6 19 77 0 0 10 66 92 24 0 61 0 0 20 53 39 80 12 46 63 78 27 13 19 97 67 97 14 4 0 100 60 0 67 31 82 76 42 80 97 97 17 27 0 
37 93 37 28 0 0 3 0 29 40 33 64 75 0 0 0 31 81 78 22 16 68 40 83 11 12 12 86 85 22 57 0 48 99 86 94 70 0 2 24 10 0 77 0 55 25 0 61 82 79 42 82 83 46 0 73 47 59 0 87 80 0 94 0 59 83 43 0 89 80 6 0 62 0 0 15 9 32 41 64 
9 53 57 3 0 53 49 19 32 4 10 0 93 0 41 0 34 94 0 98 48 0 35 39 0 9 83 32 35 52 78 57 93 34 19 30 11 62 90 0 66 77 0 82 60 44 0 0 16 0 81 41 0 0 78 83 50 83 0 67 78 73 67 0 31 62 21 0 0 60 7 0 61 11 0 32 32 15 0 10 
95 77 6 30 68 14 36 10 98 98 50 74 98 53 81 0 78 42 96 54 0 77 27 46 78 26 0 100 21 86 44 0 66 69 26 13 35 84 0 49 92 0 82 0 19 10 0 57 0 56 0 4 0 92 0 8 20 58 58 34 69 67 9 54 0 18 23 1 97 0 0 11 42 90 9 0 91 0 64 53 
0 22 42 13 27 0 41 46 0 0 47 0 0 0 17 43 48 74 87 0 86 0 54 23 99 0 0 18 14 60 33 51 34 9 93 0 0 37 87 0 24 55 60 19 0 84 91 25 0 34 73 0 0 43 28 76 29 38 0 38 19 0 0 28 13 36 61 96 96 0 0 15 0 0 50 55 1 97 66 31 
23 68 0 13 37 36 70 92 75 0 0 0 2 14 94 98 50 0 90 79 35 75 91 70 26 8 72 27 23 5 0 52 98 8 0 4 41 0 61 0 0 25 44 10 84 0 0 86 61 0 80 0 41 6 0 0 17 51 97 52 0 11 0 0 37 25 3 8 9 0 7 0 44 0 0 65 72 81 48 21 
31 0 22 25 94 0 40 75 76 44 38 50 80 32 40 0 91 73 89 5 97 61 85 0 94 0 59 3 41 65 25 50 43 0 56 34 48 37 0 35 61 0 0 0 91 0 0 0 0 12 80 9 35 6 19 70 61 21 73 18 65 0 0 13 0 84 29 71 61 46 0 23 24 2 39 80 66 0 0 23 
34 50 88 0 0 47 85 29 6 47 48 97 94 8 26 10 0 15 98 78 0 91 95 45 91 74 15 0 6 36 40 16 77 92 45 29 80 96 0 89 0 61 0 57 25 86 0 0 86 80 31 1 79 24 98 99 46 0 6 22 0 91 85 63 0 12 0 19 0 0 71 44 28 0 25 0 99 42 13 12 
0 43 33 73 75 0 77 63 56 84 0 15 29 39 88 0 45 87 0 15 12 0 12 66 0 47 100 9 96 21 24 28 54 0 48 83 59 92 0 88 0 82 16 0 0 61 0 86 0 67 12 98 0 0 13 8 0 37 66 2 77 25 54 43 91 21 91 34 4 79 67 15 9 14 47 38 0 19 49 25 
74 93 35 34 64 13 20 98 22 94 83 0 72 10 86 97 48 51 94 96 95 36 2 55 0 34 36 66 0 37 54 0 0 0 0 0 88 91 86 18 20 79 0 56 34 0 12 80 67 0 8 88 0 51 60 0 54 9 0 0 0 0 42 80 89 37 56 40 0 79 59 70 26 59 0 16 75 90 55 0 
49 8 33 52 74 73 12 5 73 69 37 47 91 25 32 5 7 92 0 2 70 42 40 20 51 71 27 1 0 98 66 0 67 3 0 0 0 54 90 49 53 42 81 0 73 80 80 31 12 8 0 0 45 11 12 0 0 23 84 90 0 14 40 33 53 0 87 65 0 7 12 40 59 0 19 0 0 41 0 55 
80 22 84 81 35 6 34 67 90 60 20 74 27 0 58 0 0 0 17 45 84 18 0 31 3 19 0 82 38 0 84 47 58 86 60 86 39 0 0 96 39 82 41 4 0 0 9 1 98 88 0 0 40 42 95 2 42 40 0 10 0 0 0 0 41 0 46 0 27 54 65 0 0 56 89 9 0 0 39 3 
0 59 0 49 49 0 68 35 66 0 43 0 87 65 77 24 85 81 33 49 63 0 0 50 0 65 0 3 86 56 95 1 1 0 29 18 12 71 1 76 80 83 0 0 0 41 35 79 0 0 45 40 0 69 33 57 0 100 11 21 8 0 97 0 11 64 0 0 15 63 55 0 31 0 91 89 95 9 51 0 
0 26 21 0 8 32 0 95 99 27 80 0 53 0 40 40 0 26 0 0 19 35 47 0 0 66 0 0 86 66 45 37 39 71 11 28 7 91 18 87 12 46 0 92 43 6 6 24 0 51 11 42 69 0 42 0 0 95 96 0 0 59 89 4 96 0 0 11 82 10 0 99 71 8 0 50 0 0 53 22 
15 82 77 44 89 87 82 27 15 0 42 15 48 29 9 92 32 35 0 0 61 92 32 87 0 0 87 35 31 42 12 50 59 41 55 46 50 48 0 36 46 0 78 0 28 0 19 98 13 60 12 95 33 42 0 83 0 0 84 56 18 88 67 18 0 3 44 16 0 28 82 2 12 0 26 19 4 69 34 53 
31 77 0 0 77 0 66 0 10 66 0 0 54 51 90 19 39 90 24 71 34 94 72 25 10 37 0 14 58 34 71 20 54 10 64 0 9 83 67 0 63 73 83 8 76 0 70 99 8 0 0 2 57 0 83 0 73 33 89 85 0 0 92 69 0 46 0 0 0 87 89 0 60 33 97 0 39 53 7 21 
59 64 0 0 79 96 86 8 0 75 54 87 94 75 48 84 88 21 75 34 32 100 0 33 98 21 29 41 86 71 28 0 0 13 9 14 0 92 91 17 78 47 50 20 29 17 61 46 0 54 0 42 0 0 0 73 0 20 36 43 69 21 45 0 22 0 40 95 9 0 35 46 17 55 45 55 0 0 89 0 
37 8 41 47 98 18 4 51 41 0 46 37 0 4 39 92 93 83 3 93 32 27 89 78 7 81 10 88 69 50 90 43 0 51 74 32 28 27 58 14 27 59 83 58 38 51 21 0 37 9 23 40 100 95 0 33 20 0 0 6 0 0 74 0 41 42 48 51 58 61 69 0 97 22 0 37 19 78 56 0 
31 94 58 97 0 93 7 10 31 89 24 0 93 70 60 60 52 0 94 7 11 43 42 0 18 5 33 32 82 41 0 0 61 32 77 66 0 83 48 43 13 0 0 58 0 97 73 6 66 0 84 0 11 96 84 89 36 0 0 13 90 89 87 55 0 88 48 16 82 0 20 0 28 0 43 62 0 24 0 76 
0 0 6 51 20 0 76 0 0 58 36 0 59 32 3 0 0 44 6 11 85 0 94 16 29 39 78 30 8 0 50 67 95 0 70 0 9 84 15 15 19 87 67 34 38 52 18 22 2 0 90 10 21 0 56 85 43 6 13 0 21 0 58 14 92 36 77 24 73 0 36 0 0 31 0 10 0 81 77 0 
43 0 27 0 71 62 4 56 0 92 0 0 72 98 95 0 93 50 43 58 66 24 40 5 79 40 70 33 62 0 0 17 55 80 0 47 0 31 72 67 97 80 78 69 19 0 65 0 77 0 0 0 8 0 18 0 69 0 90 21 0 0 90 0 59 91 11 10 19 26 83 2 80 1 50 13 20 0 14 32 
0 85 73 58 95 26 10 0 67 0 14 70 0 87 45 0 5 69 0 0 22 0 3 4 73 21 71 53 58 94 0 74 94 84 0 76 84 44 24 16 67 0 73 67 0 11 0 91 25 0 14 0 0 59 88 0 21 0 89 0 0 0 51 0 6 57 24 0 41 0 47 35 76 54 0 85 11 46 9 14 
90 98 6 83 90 71 64 74 0 12 0 57 46 76 11 0 41 2 0 40 48 25 76 72 83 95 84 0 85 0 43 0 41 18 40 57 9 70 0 77 97 94 67 9 0 0 0 85 54 42 40 0 97 89 67 92 45 74 87 58 90 51 0 33 8 68 93 2 45 32 8 0 25 0 98 0 68 75 64 0 
47 30 87 0 15 89 6 28 31 0 37 31 8 0 18 63 0 93 79 25 82 0 51 25 57 0 81 59 91 22 4 23 0 49 12 4 94 2 97 95 14 0 0 54 28 0 13 63 43 80 33 0 0 4 18 69 0 0 55 14 0 0 33 0 90 4 30 13 29 27 41 0 73 7 40 0 23 0 72 21 
77 38 55 0 0 0 37 26 70 50 0 60 39 44 35 0 79 15 98 7 43 34 42 0 0 0 28 91 84 82 83 42 27 96 0 21 6 42 0 0 4 59 31 0 13 37 0 0 91 89 53 41 11 96 0 0 22 41 0 92 59 6 8 90 0 64 73 91 99 37 8 0 93 96 0 52 90 0 0 0 
64 90 9 3 71 31 85 81 0 16 76 31 0 0 67 0 97 0 70 17 82 33 71 41 11 78 0 0 0 14 30 0 0 59 0 56 87 78 0 15 0 83 62 18 36 25 84 12 21 37 0 0 64 0 3 46 0 42 88 36 91 57 68 4 64 0 9 56 0 90 70 80 16 0 19 0 31 98 0 52 
0 21 36 76 68 44 0 3 0 54 70 52 0 91 48 0 0 99 44 14 0 96 90 45 88 0 44 84 55 0 36 91 0 53 0 35 20 54 7 34 100 43 21 23 61 3 29 0 91 56 87 46 0 0 44 0 40 48 48 77 11 24 93 30 73 9 0 9 0 82 94 45 62 0 38 0 29 12 0 15 
36 50 23 100 28 0 0 0 86 0 43 88 53 41 87 32 74 0 0 23 23 76 84 18 79 0 91 18 72 20 42 88 15 0 70 66 14 43 26 51 60 0 0 1 96 8 71 19 34 40 65 0 0 11 16 0 95 51 16 24 10 0 2 13 91 56 9 0 5 0 72 92 18 0 59 66 0 57 62 65 
15 82 0 51 0 92 0 71 0 0 0 31 21 0 96 46 23 83 56 16 0 19 0 9 0 15 39 81 0 27 60 19 97 67 0 0 51 83 38 80 0 89 0 97 96 9 61 0 4 0 0 27 15 82 0 0 9 58 82 73 19 41 45 29 99 0 0 5 0 0 0 95 20 98 81 49 25 61 0 0 
21 72 12 0 76 34 68 1 92 46 70 0 42 0 96 69 81 0 78 0 90 0 83 0 0 0 76 75 13 23 74 71 53 57 0 51 0 36 0 91 67 80 60 0 0 0 46 0 79 79 7 54 63 10 28 87 0 61 0 0 26 0 32 27 37 90 82 0 0 0 69 0 0 22 84 79 0 0 0 0 
16 0 82 44 33 38 93 0 28 91 69 65 50 35 0 62 97 64 0 61 11 73 41 93 62 11 0 0 70 54 0 84 44 0 0 92 23 0 14 92 31 6 7 0 0 7 0 71 67 59 12 65 55 0 82 89 35 69 20 36 83 47 8 41 8 70 94 72 0 69 0 52 58 30 44 70 8 0 81 0 
80 53 7 60 82 14 30 25 18 0 23 0 0 33 40 38 0 80 39 66 0 6 0 88 43 27 0 25 60 0 68 19 86 15 0 26 0 94 63 62 82 0 0 11 15 0 23 44 15 70 40 0 0 99 2 0 46 0 0 0 2 35 0 0 0 80 45 92 95 0 52 0 67 3 28 74 72 47 0 3 
0 70 13 0 95 76 13 9 0 83 88 16 11 8 19 57 16 16 75 79 0 86 40 65 13 33 46 9 57 0 0 0 24 0 0 13 91 23 29 69 76 62 61 42 0 44 24 28 9 26 59 0 31 71 12 60 17 97 28 0 80 76 25 73 93 16 62 18 20 0 58 67 0 29 44 62 62 75 44 63 
34 100 14 92 93 78 23 80 76 0 0 92 13 71 81 5 92 11 42 30 33 94 85 96 47 23 82 52 71 46 0 100 97 47 35 66 16 62 14 91 42 0 11 90 0 0 2 0 14 59 0 56 0 8 0 33 55 22 0 31 1 54 0 7 96 0 0 0 98 22 30 3 29 0 1 0 40 0 0 0 
36 0 6 65 98 8 13 12 3 37 3 29 54 80 5 43 98 63 44 88 18 35 73 57 0 85 60 15 51 44 96 0 46 62 57 35 25 84 19 100 80 0 0 9 50 0 39 25 47 0 19 89 91 0 26 97 45 0 43 0 50 0 98 40 0 19 38 59 81 84 44 28 44 1 0 38 52 16 79 58 
0 47 0 0 2 10 75 0 10 84 0 93 77 64 17 7 40 88 0 30 38 22 39 14 50 71 99 52 35 48 84 98 82 3 100 82 1 15 74 0 97 15 32 0 55 65 80 0 38 16 0 9 89 50 19 0 55 37 62 10 13 85 0 0 52 0 0 66 49 79 70 74 62 0 38 0 96 86 86 64 
0 0 0 0 89 96 62 39 17 0 0 36 99 0 13 66 73 14 49 65 49 59 0 44 89 3 40 44 0 94 24 77 52 0 45 75 34 72 0 65 97 9 32 91 1 72 66 99 0 75 0 0 95 0 4 39 0 19 0 0 20 11 68 23 90 31 29 0 25 0 8 72 62 40 52 96 0 97 0 0 
69 38 94 91 26 40 65 72 80 0 25 93 4 87 46 68 43 9 39 11 3 92 95 47 51 42 0 0 76 58 20 0 86 59 0 21 78 47 54 41 17 32 15 0 97 81 0 42 19 90 41 0 9 0 69 53 0 78 24 81 0 46 75 0 0 98 12 57 61 0 0 47 75 0 16 86 97 0 0 81 
38 30 34 89 0 0 0 0 9 1 0 43 0 40 40 47 50 5 0 0 24 10 22 79 63 84 24 55 45 0 76 0 81 3 96 76 19 0 0 97 27 41 0 64 66 48 0 13 49 55 0 39 51 53 34 7 89 56 0 77 14 9 64 72 0 0 0 62 0 0 81 0 44 0 79 86 0 0 0 39 
70 72 0 0 57 79 82 70 15 0 97 29 3 0 19 53 87 0 33 29 40 0 44 43 80 51 0 73 0 84 10 50 0 57 62 74 84 48 0 3 0 64 10 53 31 21 23 12 25 0 55 3 0 22 53 21 0 0 76 0 32 14 0 21 0 52 15 65 0 0 0 3 63 0 58 64 0 81 39 0 
