150 33
0 0 56 0 27 0 81 0 0 14 81 0 62 0 0 0 0 36 0 0 0 7 0 16 99 0 0 0 0 0 0 0 92 0 19 0 0 0 0 0 0 0 0 80 92 0 0 99 0 0 0 0 0 0 0 0 32 0 26 0 0 0 96 0 0 0 0 0 0 100 81 0 55 73 0 0 47 0 5 77 0 0 0 0 53 0 0 55 0 18 41 0 22 0 0 0 0 0 93 0 0 0 0 0 0 0 0 81 0 0 0 0 0 0 0 0 35 0 0 0 75 46 45 32 15 41 0 89 2 21 5 0 0 46 0 0 41 0 0 26 49 65 34 0 33 0 29 0 0 0 
0 0 0 0 59 0 0 0 0 0 7 0 0 0 0 28 91 0 8 0 58 0 0 67 88 0 0 56 66 0 67 0 0 0 0 0 0 0 67 0 0 0 0 0 87 0 94 91 0 0 38 0 0 0 0 100 77 0 15 0 4 0 0 0 0 0 58 88 96 0 26 89 0 0 0 0 0 0 72 54 21 0 88 61 84 67 0 0 0 0 0 0 0 92 0 43 0 0 0 0 51 0 95 34 29 82 0 0 0 0 0 5 0 0 0 48 46 4 0 0 0 0 95 82 22 0 0 21 70 0 60 88 17 87 0 87 0 0 0 74 27 0 95 0 0 73 0 7 39 3 
56 0 0 0 0 20 0 0 0 93 0 0 56 0 0 74 0 0 0 0 0 29 33 0 0 0 0 0 71 0 0 42 51 0 0 5 46 0 0 0 62 28 0 22 1 52 0 0 0 72 0 0 0 0 0 0 0 0 0 0 0 0 0 96 58 0 55 61 0 0 0 0 0 47 23 0 0 15 29 0 33 30 0 0 0 94 27 0 0 39 0 0 0 0 65 0 0 0 0 11 15 0 67 0 79 0 0 0 0 0 0 0 0 0 41 0 0 0 82 0 96 21 33 0 0 0 41 25 0 0 36 31 0 0 0 0 0 0 80 0 0 0 93 0 11 0 0 0 0 0 
0 0 0 0 0 0 100 0 0 0 0 0 84 0 31 0 0 0 0 0 0 95 70 0 5 41 0 0 0 71 0 47 0 0 0 0 0 0 47 0 8 64 0 5 0 0 0 36 56 0 0 0 0 84 3 0 99 0 0 68 0 0 0 0 0 64 0 85 0 0 82 0 0 0 0 0 73 31 83 56 0 0 0 86 0 0 0 0 0 0 87 0 91 6 0 0 59 89 0 0 0 0 0 0 0 0 18 0 99 35 70 0 0 0 0 0 1 20 0 0 0 51 0 0 0 0 72 16 83 0 0 0 39 79 0 33 51 0 0 16 0 0 0 0 0 0 0 32 0 0 
27 59 0 0 0 84 78 39 0 0 0 70 0 85 0 0 28 0 0 0 0 0 0 0 0 67 0 31 0 70 0 0 24 57 0 0 0 0 0 0 0 0 0 0 0 0 0 0 49 58 0 11 83 35 0 0 0 91 0 9 0 0 0 0 97 0 65 0 0 0 0 68 0 10 0 0 0 0 70 0 0 0 42 0 39 0 0 98 0 0 0 0 0 78 0 0 0 10 0 0 0 11 0 0 0 0 81 0 0 44 0 100 0 0 0 98 0 0 40 0 7 61 0 0 0 95 0 43 0 0 0 1 8 98 4 0 0 88 0 0 0 0 0 0 0 24 0 0 92 0 
0 0 20 0 84 0 56 68 0 0 0 0 0 0 0 0 0 0 0 0 0 12 0 0 26 0 46 0 0 11 10 0 64 3 0 0 0 0 0 99 0 0 0 0 81 0 0 0 0 12 27 87 93 0 26 0 0 0 58 84 55 26 60 0 0 0 61 0 0 10 0 39 54 32 83 0 0 0 81 0 0 31 13 0 62 0 0 0 0 0 0 0 0 1 0 0 5 78 0 0 89 90 11 33 74 0 0 88 0 0 0 0 0 59 0 0 0 24 60 80 77 0 93 79 0 65 87 82 0 0 0 97 0 0 0 0 0 25 0 55 0 0 86 0 0 41 33 0 0 0 
81 0 0 100 78 56 0 89 46 87 0 0 37 93 0 79 0 0 0 0 0 0 0 0 0 0 0 0 0 9 34 4 0 88 0 0 0 0 0 49 0 6 71 0 0 80 86 0 0 0 0 17 0 10 0 14 0 72 0 0 0 0 0 0 0 90 0 0 0 0 0 0 12 80 0 0 48 0 14 39 0 16 98 0 0 23 8 0 0 54 0 7 0 0 46 48 0 0 0 67 0 0 0 0 0 0 0 67 23 0 0 0 0 0 79 0 0 0 28 8 77 72 59 0 63 100 94 52 0 0 86 0 0 0 47 83 0 46 27 0 52 0 73 0 0 90 0 0 0 96 
0 0 0 0 39 68 89 0 0 0 0 38 10 0 26 0 0 0 0 0 76 0 0 0 0 0 0 0 0 33 0 0 97 0 0 0 0 0 92 13 19 55 0 43 0 0 74 0 0 0 37 0 87 0 0 75 0 0 0 24 0 76 0 43 67 0 0 0 12 96 0 21 0 0 0 0 0 0 0 0 0 0 93 0 0 88 15 0 0 0 0 97 0 0 0 0 0 0 0 77 0 0 0 0 53 9 28 0 12 0 0 0 0 0 0 6 55 0 23 0 0 25 0 0 0 0 0 0 0 84 4 31 0 0 0 0 0 0 0 53 67 0 0 0 0 67 0 0 96 0 
0 0 0 0 0 0 46 0 0 98 0 0 0 0 0 0 85 0 61 0 0 26 80 0 0 0 6 0 0 0 69 83 0 0 0 0 0 10 75 43 0 0 83 0 58 0 0 17 0 79 0 46 0 0 0 28 0 13 48 66 99 9 48 0 0 0 0 50 0 0 46 0 48 0 41 0 0 66 0 7 0 0 74 0 0 0 38 0 0 0 0 0 38 0 0 0 0 0 0 52 0 7 0 69 2 0 0 18 71 0 0 0 96 0 0 0 0 75 0 58 0 0 55 0 0 76 35 0 0 0 0 0 0 0 32 0 0 79 0 0 0 7 0 0 34 16 99 0 0 0 
14 0 93 0 0 0 87 0 98 0 7 0 0 0 13 68 0 0 0 0 0 37 0 5 0 0 0 0 0 99 0 86 32 0 52 0 0 0 0 95 38 0 0 0 0 28 0 0 0 0 13 0 0 0 75 0 0 0 0 1 45 0 68 0 0 0 51 78 72 0 0 0 0 47 0 30 0 0 0 0 0 85 0 0 0 0 22 0 0 0 0 0 55 0 0 0 0 0 0 0 0 0 46 55 30 0 0 0 0 0 0 0 34 0 0 0 0 0 0 67 0 0 91 13 0 0 0 54 0 0 0 7 0 0 0 73 0 37 52 0 0 0 15 0 0 0 0 58 0 0 
81 7 0 0 0 0 0 0 0 7 0 0 0 78 41 0 35 0 0 0 0 0 0 0 0 0 58 0 0 0 0 0 0 0 64 51 0 0 86 87 65 7 0 24 0 0 30 0 0 0 0 50 0 0 0 39 43 0 48 27 0 90 2 0 73 0 0 56 82 0 0 0 0 0 0 0 0 0 0 0 0 48 45 0 0 52 0 0 87 34 0 0 0 0 52 70 0 0 12 84 0 0 0 48 0 0 0 0 13 0 0 0 76 0 0 94 0 0 0 0 0 47 0 0 0 72 87 0 0 0 0 0 100 0 28 0 0 48 0 0 0 71 100 0 90 99 0 0 0 0 
0 0 0 0 70 0 0 38 0 0 0 0 0 0 99 0 0 0 0 0 0 43 0 0 0 71 0 0 55 0 0 0 20 0 0 23 0 0 0 73 0 0 0 56 44 71 0 0 0 0 0 12 0 0 59 63 91 0 85 0 82 0 70 0 14 75 74 0 0 10 0 0 0 5 0 6 94 90 92 0 0 80 0 100 0 89 85 0 81 0 0 0 0 0 59 0 9 0 30 0 0 0 34 94 0 0 67 18 0 0 0 0 0 68 39 0 0 70 0 0 0 11 0 0 0 0 0 3 46 0 0 57 31 0 62 0 53 0 0 0 6 0 0 61 0 0 47 39 11 0 
62 0 56 84 0 0 37 10 0 0 0 0 0 30 69 79 0 39 53 0 0 0 0 0 51 0 0 0 91 0 0 0 0 0 0 81 73 27 4 0 0 0 0 0 0 0 0 3 75 32 47 0 0 0 8 0 0 5 94 0 0 0 0 0 0 0 23 81 45 0 0 0 41 0 59 0 0 0 94 13 0 0 67 0 0 0 78 80 0 30 0 0 0 0 0 85 0 0 0 0 10 0 0 0 97 0 0 27 64 33 0 11 2 0 0 0 25 0 8 0 0 75 21 0 50 0 0 0 0 0 0 0 30 0 0 0 64 0 0 0 0 0 26 0 0 60 26 52 0 67 
0 0 0 0 85 0 93 0 0 0 78 0 30 0 0 0 0 0 0 62 0 11 78 0 0 0 0 0 91 0 43 0 0 0 0 0 73 4 90 0 0 25 0 0 0 99 0 73 54 80 0 10 0 61 83 0 0 4 0 0 0 0 0 82 39 0 30 0 0 0 0 0 0 16 0 0 0 10 0 0 0 0 0 0 54 0 0 0 0 0 0 0 0 67 0 0 0 0 71 6 0 52 0 0 0 38 16 0 0 0 33 19 8 0 0 38 89 31 39 0 51 0 0 57 0 0 0 46 46 0 88 0 0 81 78 0 0 0 0 0 0 0 40 0 0 84 61 21 0 0 
0 0 0 31 0 0 0 26 0 13 41 99 69 0 0 0 92 0 8 25 0 0 0 0 74 0 0 0 77 0 0 45 0 0 52 36 0 0 59 0 0 35 87 57 0 0 0 0 27 0 0 0 0 13 0 0 94 0 0 73 0 0 0 0 0 54 0 0 0 0 87 0 0 75 0 0 0 0 0 57 0 0 0 58 0 0 0 0 60 0 0 0 0 48 0 0 0 0 0 0 12 0 94 11 83 0 0 0 23 0 0 0 0 0 0 0 33 61 0 0 0 0 71 0 0 54 56 0 0 88 5 0 0 0 0 0 69 0 0 0 0 61 85 0 0 0 0 0 0 0 
0 28 74 0 0 0 79 0 0 68 0 0 79 0 0 0 0 0 0 0 21 34 0 99 0 0 25 0 37 52 36 45 0 0 53 0 46 10 82 27 0 0 0 0 0 0 0 28 0 61 37 0 0 0 0 7 0 0 0 0 27 44 0 0 0 38 0 0 0 0 0 0 0 30 0 0 0 0 93 83 0 0 14 43 40 0 0 26 0 3 0 0 0 0 7 0 0 0 0 0 35 75 0 0 0 0 0 0 0 20 0 0 0 0 82 0 46 33 0 7 0 0 3 59 11 0 0 0 37 0 0 0 0 0 0 0 52 5 36 0 0 0 0 0 0 0 0 0 0 0 
0 91 0 0 28 0 0 0 85 0 35 0 0 0 92 0 0 1 0 76 0 68 0 92 0 7 78 11 0 54 0 0 0 0 4 0 0 81 21 0 0 68 0 0 0 0 63 31 28 0 0 0 0 99 99 82 42 0 70 0 5 0 0 0 0 0 0 0 0 83 0 3 7 28 47 89 73 38 0 0 49 21 0 86 0 0 0 28 0 13 65 0 0 0 0 0 17 41 0 0 23 0 40 0 0 0 0 0 13 0 0 0 0 0 0 0 0 0 0 0 36 82 0 0 0 51 0 0 69 36 83 0 0 0 0 4 72 0 0 0 0 0 0 0 0 0 0 0 0 0 
36 0 0 0 0 0 0 0 0 0 0 0 39 0 0 0 1 0 46 0 0 58 0 0 58 0 0 0 0 0 23 88 0 99 0 0 0 0 0 0 0 26 0 75 61 0 5 95 0 0 0 0 0 0 0 0 0 0 0 0 0 0 74 0 0 65 66 0 93 0 0 0 0 0 0 44 0 23 37 92 0 45 0 0 0 0 0 0 87 0 71 0 0 0 0 88 30 0 0 19 0 0 0 0 0 0 19 0 0 0 0 0 0 0 42 23 0 0 0 0 36 45 0 91 98 0 0 0 0 0 0 5 20 0 0 69 28 0 71 8 99 74 0 0 0 72 0 0 91 24 
0 8 0 0 0 0 0 0 61 0 0 0 53 0 8 0 0 46 0 0 0 77 22 0 0 55 65 0 25 0 77 0 58 0 0 0 0 45 60 0 0 0 0 0 0 51 2 0 0 0 0 0 8 0 0 0 0 55 0 0 88 0 45 52 84 0 0 0 0 36 91 0 0 0 0 0 70 44 92 0 0 0 0 0 0 0 76 26 0 88 0 0 0 0 0 0 0 0 0 0 0 0 0 0 0 81 77 0 51 0 0 29 0 0 0 0 0 0 0 0 0 18 0 0 0 54 65 59 20 0 100 33 35 0 0 77 0 0 0 0 0 0 0 0 0 41 0 0 0 0 
0 0 0 0 0 0 0 0 0 0 0 0 0 62 25 0 76 0 0 0 0 23 63 17 61 0 38 0 0 98 0 0 0 0 0 0 0 0 0 0 0 0 0 88 0 0 97 15 2 0 53 85 0 0 0 0 0 54 62 0 74 73 10 64 99 40 0 33 0 69 64 0 0 61 68 60 53 0 0 48 78 0 0 0 0 0 26 0 0 63 0 0 15 55 0 91 90 86 0 2 0 87 0 0 26 29 51 85 0 0 0 60 0 8 0 14 0 0 0 0 5 0 0 0 0 0 31 0 0 0 0 0 0 0 0 16 0 0 43 0 21 0 78 0 0 0 51 76 0 80 
0 58 0 0 0 0 0 76 0 0 0 0 0 0 0 21 0 0 0 0 0 0 45 0 99 0 0 0 77 0 0 0 0 0 0 0 9 69 0 31 0 4 62 94 50 0 0 0 57 0 0 96 0 0 0 83 0 97 0 0 50 0 0 53 0 81 5 0 31 0 0 0 0 36 73 0 35 13 0 0 0 0 57 0 0 0 0 16 75 0 0 80 89 0 25 0 65 0 0 68 0 0 0 0 0 90 0 26 0 0 0 0 69 0 42 71 0 0 71 38 12 79 63 97 27 42 100 0 47 0 65 0 57 0 0 78 0 80 0 70 100 0 12 97 48 0 0 0 0 50 
7 0 29 95 0 12 0 0 26 37 0 43 0 11 0 34 68 58 77 23 0 0 0 0 0 0 0 0 10 0 0 0 59 0 16 0 92 0 94 0 0 0 0 0 0 0 6 94 0 98 0 0 0 14 89 0 0 0 0 0 0 79 0 0 47 0 0 0 0 0 77 2 43 49 0 12 0 90 0 59 69 9 0 0 0 0 0 32 95 15 0 34 30 0 74 0 0 0 0 0 0 4 0 67 0 67 97 61 0 64 0 0 0 46 85 0 0 0 0 14 70 0 0 0 0 0 0 70 0 0 0 0 0 0 83 0 0 6 71 0 0 0 0 0 46 0 0 39 0 0 
0 0 33 70 0 0 0 0 80 0 0 0 0 78 0 0 0 0 22 63 45 0 0 4 71 0 2 0 0 35 0 90 0 14 12 22 25 0 0 0 0 37 0 10 0 0 0 0 0 0 0 0 50 0 0 0 0 0 75 91 0 0 50 0 0 0 0 0 0 0 0 3 0 42 10 56 0 53 0 0 0 0 0 97 0 0 0 0 72 64 0 86 35 0 0 74 0 0 0 25 12 0 4 29 0 0 0 0 0 0 86 0 0 0 0 96 0 0 17 0 0 55 0 0 0 0 0 0 0 0 96 0 69 0 11 21 0 0 0 0 0 0 25 0 0 0 0 0 0 73 
16 67 0 0 0 0 0 0 0 5 0 0 0 0 0 99 92 0 0 17 0 0 4 0 0 68 0 0 5 0 0 57 56 0 0 0 0 23 0 8 0 85 0 0 0 46 0 0 75 63 0 0 0 41 0 20 0 0 0 0 6 0 0 0 69 0 0 0 85 0 0 49 0 30 0 47 0 0 46 0 0 13 83 0 0 0 0 63 62 0 0 72 30 0 41 0 0 0 0 2 2 0 0 0 0 0 0 60 87 0 43 25 0 76 57 0 38 0 0 0 4 0 98 0 0 93 0 0 23 0 0 0 0 0 0 0 95 11 56 0 0 0 4 48 0 50 27 0 0 0 
99 88 0 5 0 26 0 0 0 0 0 0 51 0 74 0 0 58 0 61 99 0 71 0 0 97 0 0 0 32 0 65 0 0 0 0 43 78 0 0 0 28 0 13 0 0 38 86 0 0 0 27 0 0 0 0 0 0 0 58 0 47 0 0 53 77 0 0 0 0 0 97 0 0 0 68 21 0 51 0 0 0 0 0 0 0 0 6 0 26 0 65 95 23 12 0 28 0 0 0 99 0 0 0 0 0 0 0 0 0 0 16 0 0 0 0 0 0 71 0 0 0 0 0 0 0 0 0 0 6 27 0 65 73 0 0 93 0 0 0 15 71 0 0 0 0 0 12 0 0 
0 0 0 41 67 0 0 0 0 0 0 71 0 0 0 0 7 0 55 0 0 0 0 68 97 0 62 20 0 36 0 0 22 0 25 26 6 0 0 0 57 0 0 0 0 0 0 17 0 0 0 0 0 0 0 0 0 0 0 0 66 0 0 62 0 0 0 78 3 37 0 0 0 0 0 0 39 0 0 0 0 0 32 0 0 0 53 0 0 75 0 45 0 1 0 0 0 0 0 0 18 0 0 0 0 38 23 0 0 0 0 0 0 0 86 0 0 0 0 0 0 0 0 0 0 0 17 0 0 0 0 0 0 0 0 0 0 0 0 0 0 0 0 0 0 16 20 78 0 36 
0 0 0 0 0 46 0 0 6 0 58 0 0 0 0 25 78 0 65 38 0 0 2 0 0 62 0 97 0 85 70 0 0 43 0 0 95 0 0 28 76 0 0 0 0 0 59 0 26 93 0 0 0 51 0 0 0 0 0 0 0 0 0 69 0 0 22 0 0 0 0 0 0 0 0 0 0 0 0 0 0 39 52 0 0 0 0 0 0 0 0 0 0 0 0 28 0 4 0 44 0 0 0 0 0 76 0 0 0 0 4 0 0 0 0 43 0 0 0 66 0 77 0 0 41 0 0 0 51 20 0 0 0 0 0 4 0 0 0 4 26 35 0 0 0 58 0 0 23 0 
0 56 0 0 31 0 0 0 0 0 0 0 0 0 0 0 11 0 0 0 0 0 0 0 0 20 97 0 37 0 0 0 0 0 2 0 31 0 0 52 34 0 0 15 20 0 0 0 0 0 13 50 0 0 66 19 0 0 0 18 0 0 0 0 0 57 0 37 22 40 0 98 97 0 0 23 0 0 69 4 0 0 0 26 59 0 0 0 69 53 0 27 40 84 0 82 0 57 0 0 0 0 0 37 0 2 0 0 87 0 0 0 0 0 37 0 54 0 63 48 0 42 89 38 0 0 0 0 14 0 68 55 0 0 0 98 0 0 0 86 0 0 54 0 0 23 0 0 61 0 
0 66 71 0 0 0 0 0 0 0 0 55 91 91 77 37 0 0 25 0 77 10 0 5 0 0 0 37 0 26 9 0 33 0 0 93 0 58 0 12 0 0 0 5 0 55 0 0 0 0 42 52 1 0 80 1 47 0 69 0 0 46 95 0 0 0 0 34 0 0 39 0 0 68 0 0 0 0 0 0 0 0 0 0 0 0 0 0 0 0 0 0 0 20 18 72 0 69 0 0 44 0 0 0 92 62 0 47 49 11 0 0 0 0 0 46 0 0 0 79 32 0 0 0 0 0 0 0 0 88 0 0 0 0 0 0 0 0 0 46 0 0 0 0 64 0 13 51 0 0 
0 0 0 71 70 11 9 33 0 99 0 0 0 0 0 52 54 0 0 98 0 0 35 0 32 36 85 0 26 0 85 0 0 0 0 10 0 0 79 0 0 0 0 31 69 13 17 44 1 0 0 0 17 62 55 14 0 74 0 57 0 53 0 54 0 0 0 0 0 0 28 0 57 5 0 0 0 0 0 0 0 27 61 0 82 77 0 0 0 0 0 0 0 17 28 0 0 79 0 0 64 0 0 0 0 69 0 79 0 0 0 52 62 64 0 0 6 67 0 67 0 0 55 0 90 0 0 0 0 16 79 0 57 34 0 0 0 0 0 0 0 0 0 0 70 17 0 0 1 0 
0 67 0 0 0 10 34 0 69 0 0 0 0 43 0 36 0 23 77 0 0 0 0 0 0 0 70 0 9 85 0 0 40 0 0 0 0 86 64 68 72 0 0 22 0 11 83 0 87 0 0 0 0 86 19 0 100 0 4 0 62 0 0 0 0 0 0 0 0 0 0 0 24 74 0 0 0 100 41 0 86 0 63 51 64 93 43 0 0 0 0 20 0 0 0 0 18 0 87 0 0 41 79 0 0 0 74 0 0 0 89 0 0 64 0 0 0 0 0 0 0 0 0 92 97 0 0 75 0 0 44 0 0 0 0 0 15 0 0 0 32 0 0 0 78 99 0 0 0 94 
0 0 42 47 0 0 4 0 83 86 0 0 0 0 45 45 0 88 0 0 0 0 90 57 65 0 0 0 0 0 0 0 0 35 0 0 66 0 84 0 0 0 0 0 0 0 63 0 0 0 0 33 0 53 0 0 0 0 0 0 30 0 0 0 0 21 44 0 76 97 0 0 0 0 0 0 0 97 0 54 4 2 0 98 0 87 81 50 0 0 0 0 3 29 41 66 0 71 0 0 0 14 0 0 0 84 90 0 14 0 0 0 65 45 0 0 0 0 0 56 0 0 0 0 0 0 0 0 0 94 0 0 4 0 0 0 0 0 0 0 0 0 89 0 0 0 59 0 0 5 
92 0 51 0 24 64 0 97 0 32 0 20 0 0 0 0 0 0 58 0 0 59 0 56 0 22 0 0 33 0 40 0 0 0 74 0 100 0 1 0 31 69 15 44 0 0 0 0 42 0 0 0 98 0 96 0 0 0 0 0 75 0 58 0 0 0 47 0 90 0 42 22 45 0 14 0 0 0 0 0 44 87 0 15 74 93 90 58 0 73 0 0 0 14 46 28 48 40 34 0 0 55 0 0 0 42 5 0 0 0 68 0 0 53 0 52 0 0 81 0 0 0 0 0 6 0 12 37 0 51 86 2 0 0 0 0 38 0 0 64 0 0 0 41 0 0 0 0 0 0 
0 0 0 0 57 3 88 0 0 0 0 0 0 0 0 0 0 99 0 0 0 0 14 0 0 0 43 0 0 0 0 35 0 0 80 0 25 29 0 0 27 0 0 0 50 0 0 0 0 0 0 0 74 0 0 0 13 59 39 0 0 0 29 0 14 58 0 0 81 0 0 0 21 0 0 92 51 0 93 0 0 0 0 0 0 94 0 0 58 0 0 50 0 0 0 0 0 23 0 55 0 69 0 0 23 0 0 0 0 0 0 0 60 14 0 0 0 78 0 0 0 39 0 0 82 0 0 21 84 96 0 0 0 46 0 0 0 7 0 0 67 0 0 0 8 0 52 0 43 2 
19 0 0 0 0 0 0 0 0 52 64 0 0 0 52 53 4 0 0 0 0 16 12 0 0 25 0 2 0 0 0 0 74 80 0 0 0 85 80 64 0 52 17 0 3 0 0 0 55 0 0 0 0 0 90 0 0 0 0 0 0 77 3 0 0 17 0 0 96 0 0 0 0 0 0 0 35 0 57 82 0 34 0 0 6 0 0 0 0 0 0 74 63 0 0 0 0 0 0 0 0 0 0 0 0 0 11 0 0 0 0 0 0 0 66 0 83 17 0 7 0 0 0 0 48 7 95 85 0 58 0 0 0 60 62 0 0 0 75 0 0 0 100 0 0 37 0 0 84 0 
0 0 5 0 0 0 0 0 0 0 51 23 81 0 36 0 0 0 0 0 0 0 22 0 0 26 0 0 93 10 0 0 0 0 0 0 0 0 0 0 0 0 22 31 0 0 65 0 0 12 32 0 81 0 0 87 0 0 0 0 44 0 0 46 42 0 0 49 0 0 0 69 0 24 8 0 46 0 0 0 0 0 59 0 49 30 0 0 0 0 49 0 0 0 17 15 0 0 0 0 0 0 0 0 75 0 0 0 0 36 0 0 0 0 0 9 0 12 0 0 0 0 0 0 0 27 8 87 83 0 0 0 18 34 0 0 48 0 0 73 88 48 0 0 0 0 0 0 0 0 
0 0 46 0 0 0 0 0 0 0 0 0 73 73 0 46 0 0 0 0 9 92 25 0 43 6 95 31 0 0 0 66 100 25 0 0 0 75 0 54 31 17 13 0 16 0 0 0 27 0 39 0 0 49 0 0 0 0 0 0 0 16 62 93 0 3 0 0 0 0 0 0 0 0 72 61 98 0 0 21 35 86 0 0 0 0 0 0 0 0 0 0 0 0 0 0 0 70 0 0 0 48 54 8 13 84 46 46 0 0 0 0 11 0 0 0 0 5 0 0 0 28 0 0 4 0 0 89 0 0 0 0 44 0 0 96 0 94 0 9 81 24 0 0 22 68 0 0 38 64 
0 0 0 0 0 0 0 0 10 0 0 0 27 4 0 10 81 0 45 0 69 0 0 23 78 0 0 0 58 0 86 0 0 29 85 0 75 0 0 5 0 0 0 0 0 0 56 0 88 70 0 26 0 44 0 0 0 0 0 0 62 0 0 0 24 43 0 97 0 0 16 50 51 0 0 0 0 0 0 0 0 0 53 0 0 0 0 0 0 0 0 0 0 0 85 46 0 0 0 0 93 35 0 0 0 0 0 100 0 59 0 0 0 0 0 5 36 0 0 0 0 0 0 0 16 46 0 0 0 0 0 52 0 0 0 0 0 69 69 0 0 0 81 100 11 0 0 0 0 0 
0 67 0 47 0 0 0 92 75 0 86 0 4 90 59 82 21 0 60 0 0 94 0 0 0 0 0 0 0 79 64 84 1 0 80 0 0 0 0 0 0 77 40 0 0 0 17 0 0 0 0 0 3 0 0 0 0 0 0 59 5 75 0 72 4 0 0 40 17 0 12 0 0 30 82 81 0 77 76 0 39 0 0 0 0 0 0 0 99 0 0 0 12 0 0 0 0 66 70 0 0 0 57 0 0 16 88 0 39 0 46 0 0 0 0 0 0 0 0 0 7 0 0 0 0 36 0 0 52 0 67 0 0 79 0 0 0 0 0 0 0 0 0 70 0 0 0 0 46 0 
0 0 0 0 0 99 49 13 43 95 87 73 0 0 0 27 0 0 0 0 31 0 0 8 0 0 28 52 12 0 68 0 0 0 64 0 54 5 0 0 0 81 0 84 0 0 0 0 0 0 0 35 83 85 0 0 0 54 0 0 10 48 84 0 82 0 0 0 61 94 65 97 0 0 0 0 0 0 24 0 0 0 0 0 0 0 8 14 0 11 21 0 0 0 0 0 0 64 0 36 46 0 0 0 68 5 0 0 28 44 0 0 0 0 0 0 0 0 86 0 0 0 0 63 0 63 0 0 47 0 0 0 45 0 100 0 0 0 59 0 91 0 30 0 28 0 0 0 0 78 
0 0 62 8 0 0 0 19 0 38 65 0 0 0 0 0 0 0 0 0 0 0 0 0 0 57 76 34 0 0 72 0 31 27 0 0 31 0 0 0 0 0 23 18 0 0 91 93 0 0 0 0 0 0 0 0 0 0 0 0 0 13 43 0 0 0 0 0 0 0 83 46 0 0 0 5 0 0 0 82 38 0 0 0 0 4 0 30 0 0 0 13 0 0 0 0 0 0 97 0 0 30 0 0 0 0 0 0 0 0 0 0 0 0 50 0 0 0 0 86 0 0 0 0 84 0 75 0 50 90 0 86 0 0 0 0 0 0 94 52 17 0 0 0 6 40 0 0 16 0 
0 0 28 64 0 0 6 55 0 0 7 0 0 25 35 0 68 26 0 0 4 0 37 85 28 0 0 0 0 0 0 0 69 0 52 0 17 0 77 81 0 0 0 0 0 0 5 0 0 0 0 100 85 0 88 0 0 0 56 0 0 97 33 0 75 0 0 70 0 0 0 0 0 0 0 0 0 0 0 18 0 95 52 0 0 0 0 0 76 0 0 44 95 0 96 0 16 0 0 79 79 66 0 0 0 0 0 76 0 35 0 74 0 0 98 24 43 0 0 0 0 0 0 0 0 86 0 64 67 0 0 0 0 0 0 0 52 91 0 0 0 21 0 0 0 0 0 0 0 0 
0 0 0 0 0 0 71 0 83 0 0 0 0 0 87 0 0 0 0 0 62 0 0 0 0 0 0 0 0 0 0 0 15 0 17 22 13 0 40 0 23 0 0 38 0 0 0 0 0 0 0 0 58 0 0 0 0 68 66 35 0 38 0 0 84 0 66 30 24 0 0 0 0 0 0 0 0 0 0 0 0 0 86 0 0 0 27 0 0 0 27 96 0 25 17 0 23 0 53 0 0 1 100 51 0 0 0 0 0 6 0 35 31 0 0 17 0 0 0 61 67 0 0 0 7 69 0 45 0 0 57 0 0 12 0 12 0 0 0 0 0 0 88 0 0 0 0 57 0 53 
80 0 22 5 0 0 0 43 0 0 24 56 0 0 57 0 0 75 0 88 94 0 10 0 13 0 0 15 5 31 22 0 44 0 0 31 0 0 0 84 18 0 38 0 0 0 0 19 78 0 73 0 0 0 0 0 20 0 41 0 0 0 0 0 0 51 0 0 0 0 0 0 0 0 99 0 43 0 0 76 95 0 0 21 0 0 23 89 36 0 29 34 0 57 0 0 0 24 0 0 29 24 0 0 0 0 0 0 88 0 0 0 0 0 0 11 100 0 0 0 43 0 0 68 0 0 0 73 0 0 0 61 0 39 0 0 84 6 0 7 0 44 0 0 0 0 0 0 55 97 
92 87 1 0 0 81 0 0 58 0 0 44 0 0 0 0 0 61 0 0 50 0 0 0 0 0 0 20 0 69 0 0 0 50 3 0 16 0 0 0 0 0 0 0 0 15 0 0 66 65 23 0 90 62 0 0 0 76 68 0 0 0 29 57 0 0 0 0 0 0 82 0 0 67 52 0 0 0 0 0 58 0 0 0 9 0 0 0 50 99 11 36 0 0 0 0 0 0 51 0 0 0 0 0 0 0 87 17 0 0 0 56 78 0 0 46 25 0 9 0 0 0 0 0 35 0 95 35 0 1 0 65 0 0 0 0 0 18 9 0 38 0 87 0 0 22 0 0 0 0 
0 0 52 0 0 0 80 0 0 28 0 71 0 99 0 0 0 0 51 0 0 0 0 46 0 0 0 0 55 13 11 0 0 0 0 0 0 0 0 0 0 0 0 0 15 0 0 0 0 0 80 14 0 69 0 93 0 65 0 0 22 0 0 0 0 0 90 0 23 87 0 21 0 7 0 0 17 0 0 0 31 0 0 0 77 0 0 70 0 58 0 59 30 52 0 21 0 0 0 0 0 0 0 45 0 25 0 0 0 0 0 0 0 0 59 0 0 0 98 45 70 0 0 0 0 0 69 43 0 0 0 0 0 0 0 0 0 47 0 0 0 79 0 0 0 97 40 76 0 38 
0 94 0 0 0 0 86 74 0 0 30 0 0 0 0 0 63 5 2 97 0 6 0 0 38 0 59 0 0 17 83 63 0 0 0 65 0 56 17 0 91 5 0 0 0 0 0 0 0 93 17 71 0 17 0 0 43 30 0 1 9 14 62 0 91 0 59 0 0 0 0 0 0 83 0 0 0 29 9 39 96 0 0 0 0 0 0 0 0 0 0 30 0 0 0 95 35 6 0 0 0 54 50 0 0 0 12 96 0 0 0 15 0 0 0 0 0 0 87 0 29 0 0 5 7 0 0 0 98 0 2 0 13 0 0 0 0 73 0 0 6 0 3 0 0 46 24 0 0 0 
99 91 0 36 0 0 0 0 17 0 0 0 3 73 0 28 31 95 0 15 0 94 0 0 86 17 0 0 0 44 0 0 0 0 0 0 0 0 0 0 93 0 0 19 0 0 0 0 0 87 0 0 0 36 44 0 0 0 24 0 13 0 0 84 0 7 55 0 0 0 0 0 0 0 0 0 54 0 0 0 0 0 0 0 0 26 0 0 0 0 0 0 0 11 80 14 0 92 0 0 0 0 0 91 0 58 0 0 0 0 60 0 0 0 0 0 0 25 91 0 21 41 0 0 0 94 0 0 0 49 0 88 0 0 9 59 0 0 0 61 1 0 0 53 43 0 97 0 0 0 
0 0 0 56 49 0 0 0 0 0 0 0 75 54 27 0 28 0 0 2 57 0 0 75 0 0 26 0 0 1 87 0 42 0 55 0 27 88 0 0 0 0 0 78 66 0 0 0 0 0 34 11 0 0 0 0 0 0 0 61 0 12 0 0 0 0 99 53 0 0 0 69 0 0 0 0 36 0 23 0 3 0 0 0 0 0 0 0 0 0 1 0 0 0 0 0 0 0 0 0 92 0 0 0 0 0 0 0 51 0 0 0 50 88 0 42 72 0 0 0 24 46 0 0 0 0 0 79 0 0 0 0 0 25 74 56 0 92 0 96 0 0 0 84 0 0 92 0 0 0 
0 0 72 0 58 12 0 0 79 0 0 0 32 80 0 61 0 0 0 0 0 98 0 63 0 0 93 0 0 0 0 0 0 0 0 12 0 70 0 0 0 0 0 0 65 0 93 87 0 0 0 0 54 0 0 0 0 0 99 0 0 0 0 0 0 0 0 0 0 0 66 0 48 0 0 0 73 0 13 0 0 0 32 0 91 0 0 0 99 0 17 0 0 10 0 0 0 0 0 0 83 0 0 64 0 0 0 0 0 0 0 52 0 0 77 70 0 59 89 0 25 0 0 0 0 98 0 0 0 0 0 0 76 0 0 0 92 0 71 49 54 4 0 0 8 12 0 0 54 0 
0 38 0 0 0 27 0 37 0 13 0 0 47 0 0 37 0 0 0 53 0 0 0 0 0 0 0 13 42 0 0 0 0 0 0 32 39 0 0 0 0 0 0 73 23 80 17 0 34 0 0 0 0 0 92 0 0 64 0 0 21 9 0 6 66 0 0 0 0 26 0 2 53 97 3 0 0 52 0 0 0 0 0 0 0 0 12 0 63 0 0 0 0 0 82 0 93 0 0 0 0 0 0 31 0 30 0 13 35 55 0 0 0 11 0 66 22 97 48 0 0 0 0 40 71 0 0 0 53 0 0 0 0 8 76 89 0 0 0 85 0 10 62 54 35 0 2 85 46 13 
0 0 0 0 11 87 17 0 46 0 50 12 0 10 0 0 0 0 0 85 96 0 0 0 27 0 0 50 52 0 0 33 0 0 0 0 0 26 0 35 0 100 0 0 0 14 71 0 11 0 0 0 0 25 0 0 55 0 0 0 0 2 0 42 75 0 19 20 0 0 0 14 8 10 0 41 0 0 92 19 96 0 0 0 76 27 0 0 12 0 0 0 50 0 17 71 0 84 70 0 96 0 0 61 0 0 0 0 0 24 0 0 0 0 0 0 44 41 0 0 0 0 0 0 0 0 5 89 0 93 0 3 0 64 0 0 21 0 0 0 0 0 99 47 20 90 1 0 0 0 
0 0 0 0 83 93 0 87 0 0 0 0 0 0 0 0 0 0 8 0 0 0 50 0 0 0 0 0 1 17 0 0 98 74 0 81 0 0 3 83 0 85 58 0 90 0 0 0 0 54 0 0 0 0 0 0 0 60 0 82 87 65 76 0 0 9 0 0 0 0 42 0 0 88 61 0 0 0 0 94 44 0 44 0 0 79 0 0 0 0 17 0 8 0 0 0 0 0 0 97 70 99 11 0 27 0 0 16 28 39 0 0 2 0 0 20 0 0 0 0 64 0 69 0 0 0 0 93 0 0 0 0 45 0 0 0 0 0 7 0 0 0 0 0 0 0 0 0 0 0 
0 0 0 84 35 0 10 0 0 0 0 0 0 61 13 0 99 0 0 0 0 14 0 41 0 0 51 0 0 62 86 53 0 0 0 0 49 44 0 85 0 0 0 0 62 69 17 36 0 0 0 25 0 0 0 0 0 0 40 0 0 29 0 39 100 49 0 29 0 0 0 0 47 8 90 0 9 61 0 0 0 41 0 6 0 0 0 97 0 0 0 0 0 98 94 0 0 0 0 0 0 35 71 77 0 15 89 0 72 0 0 0 91 0 0 0 0 0 0 90 6 68 0 0 0 0 0 0 0 0 0 0 0 0 0 0 0 0 75 17 0 0 11 0 0 0 0 0 0 0 
0 0 0 3 0 26 0 0 0 75 0 59 8 83 0 0 99 0 0 0 0 89 0 0 0 0 0 66 80 55 19 0 96 0 90 0 0 0 0 0 0 88 0 0 0 0 0 44 0 0 92 0 0 0 0 38 0 0 0 0 0 0 0 0 0 53 36 24 0 0 0 0 0 78 0 0 54 46 0 1 0 0 0 98 0 0 55 0 9 71 0 0 0 82 0 0 0 0 0 4 99 73 0 22 0 12 0 0 0 0 0 0 0 53 0 0 0 0 0 0 61 0 0 20 0 0 0 0 0 0 0 0 0 0 0 0 0 0 0 28 0 0 0 70 0 0 51 0 0 28 
0 100 0 0 0 0 14 75 28 0 39 63 0 0 0 7 82 0 0 0 83 0 0 20 0 0 0 19 1 14 0 0 0 0 0 87 0 0 0 0 0 0 0 0 0 93 0 0 0 0 0 0 0 0 38 0 0 19 28 63 52 0 67 0 73 0 0 0 26 0 0 0 0 0 34 0 0 10 0 0 78 35 0 0 0 0 0 0 47 0 0 0 2 0 12 83 0 0 0 0 0 0 22 0 97 0 60 0 66 0 0 0 0 0 0 0 30 0 0 0 20 0 60 52 53 73 83 0 0 0 88 0 87 0 10 0 0 0 0 0 75 0 0 0 0 0 7 0 0 46 
32 77 0 99 0 0 0 0 0 0 43 91 0 0 94 0 42 0 0 0 0 0 0 0 0 0 0 0 47 0 100 0 0 13 0 0 0 0 0 0 0 0 0 20 0 0 43 0 0 0 0 55 0 0 0 0 0 0 0 5 66 20 0 16 0 19 0 0 0 67 82 58 0 76 0 65 0 68 0 0 39 80 65 82 0 0 83 22 37 30 0 0 0 0 33 0 0 0 0 0 0 0 0 37 0 0 0 0 0 90 0 0 0 40 0 0 95 59 52 14 0 0 94 0 79 0 0 0 0 0 0 0 0 99 0 0 0 0 0 0 0 0 0 30 0 0 70 0 31 78 
0 0 0 0 91 0 72 0 13 0 0 0 5 4 0 0 0 0 55 54 97 0 0 0 0 0 0 0 0 74 0 0 0 59 0 0 0 0 0 54 0 0 68 0 76 65 30 0 0 0 64 0 60 0 0 19 0 0 0 85 13 0 0 74 67 0 90 0 0 38 0 0 0 27 31 0 0 0 0 0 0 0 0 11 80 0 41 0 0 55 0 0 0 0 81 0 72 51 0 0 0 0 0 94 0 0 0 0 0 91 0 0 65 0 65 0 51 42 0 78 0 0 25 0 12 0 0 34 0 0 0 0 0 0 10 0 75 0 96 0 0 0 0 0 0 0 0 0 0 0 
26 15 0 0 0 58 0 0 48 0 48 85 94 0 0 0 70 0 0 62 0 0 75 0 0 0 0 0 69 0 4 0 0 39 0 0 0 0 0 0 0 56 66 41 68 0 0 24 0 99 0 0 0 40 0 28 0 0 0 0 0 0 0 0 51 0 0 0 87 71 72 0 0 79 0 0 0 0 0 24 31 65 0 9 0 11 87 0 0 57 0 0 0 0 0 0 0 0 0 0 0 0 0 15 66 0 0 0 0 0 19 0 0 55 6 0 0 0 0 0 0 0 0 0 13 0 40 0 98 70 0 0 0 0 0 0 76 97 0 30 0 62 0 63 0 0 0 0 0 0 
0 0 0 68 9 84 0 24 66 1 27 0 0 0 73 0 0 0 0 0 0 0 91 0 58 0 0 18 0 57 0 0 0 0 0 0 0 0 59 0 0 0 35 0 0 0 1 0 61 0 0 0 82 0 0 63 5 85 0 0 0 0 0 18 0 32 98 23 0 0 0 33 23 0 32 0 0 0 0 94 0 0 0 0 31 0 26 0 0 0 71 0 61 0 0 87 0 2 9 14 0 0 30 0 7 0 32 0 0 42 9 46 0 0 0 0 0 0 0 6 25 0 0 0 0 0 0 98 0 24 0 0 0 33 0 18 0 0 48 0 37 16 42 44 0 54 35 0 0 61 
0 4 0 0 0 55 0 0 99 45 0 82 0 0 0 27 5 0 88 74 50 0 0 6 0 66 0 0 0 0 62 30 75 0 0 44 0 62 5 10 0 0 0 0 0 22 9 13 0 0 21 0 87 0 0 52 66 13 0 0 0 0 0 0 58 46 0 0 0 0 21 0 0 50 0 2 0 1 0 28 0 0 97 0 14 0 0 0 6 0 0 54 0 0 0 1 0 0 70 21 0 0 0 0 76 97 0 0 0 0 0 0 0 69 0 0 0 0 0 0 0 0 93 88 28 0 0 0 0 0 0 0 0 0 0 0 0 0 25 0 0 0 0 68 0 0 0 29 24 0 
0 0 0 0 0 26 0 76 9 0 90 0 0 0 0 44 0 0 0 73 0 79 0 0 47 0 0 0 46 53 0 0 0 0 77 0 16 0 75 48 13 97 38 0 0 0 14 0 12 0 9 2 65 29 0 0 20 0 0 0 0 0 71 52 0 0 27 0 0 0 0 0 0 0 0 0 0 0 33 0 0 0 0 68 0 0 0 0 12 0 0 0 0 12 0 3 0 0 0 0 0 79 4 0 0 0 0 0 0 0 0 94 0 4 86 54 0 0 87 0 55 10 0 0 0 0 0 5 0 4 0 44 0 0 0 79 0 0 0 0 0 0 2 0 0 89 97 12 0 93 
96 0 0 0 0 60 0 0 48 68 2 70 0 0 0 0 0 74 45 10 0 0 50 0 0 0 0 0 95 0 0 0 58 29 3 0 62 0 0 84 43 33 0 0 29 0 62 0 0 0 0 0 76 0 0 67 0 0 0 0 0 71 0 0 39 0 76 17 0 0 26 22 0 0 0 0 15 0 0 0 1 0 86 37 0 0 80 0 2 0 0 0 68 0 65 0 0 0 75 0 0 0 80 0 0 0 0 50 0 0 0 0 0 3 87 0 93 0 0 46 0 0 19 0 0 0 72 23 0 0 0 0 0 79 41 1 0 0 0 0 0 0 15 0 0 0 0 8 0 0 
0 0 96 0 0 0 0 43 0 0 0 0 0 82 0 0 0 0 52 64 53 0 0 0 0 62 69 0 0 54 0 0 0 0 0 46 93 0 72 0 0 0 0 0 57 0 0 84 0 0 6 42 0 39 0 0 16 74 0 18 0 52 0 0 0 4 0 0 0 0 13 0 0 0 11 5 54 0 0 7 0 0 47 64 0 85 0 45 0 49 99 0 0 89 37 8 96 0 0 97 0 40 0 0 0 0 90 0 20 89 0 84 5 0 0 0 0 0 0 0 0 0 0 0 54 0 0 0 0 0 85 0 11 0 0 0 0 0 20 43 0 0 0 0 0 0 0 0 45 0 
0 0 58 0 97 0 0 67 0 0 73 14 0 39 0 0 0 0 84 99 0 47 0 69 53 0 0 0 0 0 0 0 0 14 0 42 0 24 4 82 0 75 84 0 0 0 91 0 0 0 66 75 0 100 0 73 0 67 51 0 58 0 39 0 0 20 21 38 36 86 0 0 27 0 80 0 0 0 0 0 0 0 0 0 0 86 17 25 0 0 0 93 59 0 0 0 0 0 99 0 0 0 0 0 77 0 0 41 4 0 0 100 0 0 0 0 0 0 77 0 0 0 0 91 0 0 26 81 0 22 7 0 0 0 80 0 43 0 23 0 0 0 0 0 0 0 0 0 70 0 
0 0 0 64 0 0 90 0 0 0 0 75 0 0 54 38 0 65 0 40 81 0 0 0 77 0 0 57 0 0 0 21 0 58 17 0 3 43 0 0 0 0 0 51 0 0 0 7 0 0 0 0 9 49 53 0 19 0 0 32 46 0 0 4 20 0 0 9 0 91 0 0 30 7 0 0 0 90 0 5 0 37 0 0 0 0 0 0 0 0 70 0 0 0 0 0 25 97 0 0 0 17 0 0 0 13 0 0 29 0 54 59 0 0 0 96 0 0 56 0 0 87 0 0 24 0 0 0 0 20 0 98 0 0 0 0 0 0 0 32 0 0 0 0 0 0 65 0 0 0 
0 58 55 0 65 61 0 0 0 51 0 74 23 30 0 0 0 66 0 0 5 0 0 0 0 0 22 0 0 0 0 44 47 0 0 0 0 0 0 0 0 0 66 0 0 90 59 55 99 0 0 19 0 0 36 0 0 90 0 98 0 27 76 0 21 0 0 0 0 60 0 0 58 52 0 0 0 27 96 0 0 0 0 62 0 0 0 0 0 0 0 0 0 0 0 19 0 0 0 34 44 79 34 0 0 0 94 12 0 0 0 83 0 0 0 0 0 0 19 0 0 0 0 0 0 0 0 71 0 0 34 87 0 100 0 80 17 14 0 57 0 16 0 0 0 0 0 0 81 39 
0 88 61 85 0 0 0 0 50 78 56 0 81 0 0 0 0 0 0 33 0 0 0 0 0 78 0 37 34 0 0 0 0 0 0 49 0 97 40 0 0 70 30 0 0 0 0 0 53 0 0 20 0 29 24 0 0 0 0 23 0 0 17 0 38 9 0 0 90 0 0 97 0 0 0 0 0 13 60 0 0 0 4 0 0 0 0 86 0 87 47 78 0 0 64 0 64 1 0 8 32 0 0 0 34 0 0 93 0 0 0 13 0 0 0 0 2 75 0 32 0 0 23 0 0 89 0 5 0 0 11 0 0 0 0 0 63 0 85 0 92 0 62 0 0 0 0 0 0 0 
0 96 0 0 0 0 0 12 0 72 82 0 45 0 0 0 0 93 0 0 31 0 0 85 0 3 0 22 0 0 0 76 90 81 96 0 0 0 17 61 0 0 24 0 0 23 0 0 0 0 0 0 0 0 0 26 0 0 87 0 0 0 0 0 36 0 0 90 0 0 0 0 0 0 0 0 0 1 59 0 0 0 0 95 0 0 0 98 0 0 0 0 0 0 0 61 3 0 0 0 81 0 0 0 0 74 0 0 0 0 0 0 19 0 7 0 0 0 0 0 0 0 68 46 0 0 0 0 0 0 0 0 0 12 44 15 20 40 0 0 0 39 0 0 0 16 0 0 0 0 
100 0 0 0 0 10 0 96 0 0 0 10 0 0 0 0 83 0 36 69 0 0 0 0 0 37 0 40 0 0 0 97 0 0 0 0 0 0 0 94 0 0 0 0 0 87 0 0 0 0 26 0 0 0 0 0 67 38 71 0 0 0 0 0 86 91 60 0 0 0 53 68 17 0 0 95 83 0 0 35 0 0 0 39 72 15 0 0 0 0 0 0 0 0 0 8 0 0 72 43 0 0 29 0 0 0 36 0 0 60 0 0 0 50 0 40 0 36 46 0 0 36 24 79 81 0 48 30 0 0 0 23 0 0 5 7 0 0 75 0 0 0 38 74 0 0 0 50 94 0 
81 26 0 82 0 0 0 0 46 0 0 0 0 0 87 0 0 0 91 64 0 77 0 0 0 0 0 0 39 28 0 0 42 0 0 0 0 16 12 65 83 0 0 0 82 0 0 0 0 66 0 0 42 0 0 0 82 0 72 0 21 0 26 13 0 0 0 0 0 53 0 0 0 0 0 0 0 0 81 0 0 0 100 51 0 85 0 40 0 0 0 0 19 0 0 0 0 25 0 54 0 0 0 0 0 6 0 0 5 0 0 0 0 0 14 51 0 96 2 0 0 0 0 0 0 26 8 0 0 0 72 0 0 0 13 0 0 0 0 9 0 0 0 0 0 0 0 0 0 0 
0 89 0 0 68 39 0 21 0 0 0 0 0 0 0 0 3 0 0 0 0 2 3 49 97 0 0 98 0 0 0 0 22 0 0 69 0 50 0 97 46 0 0 0 0 21 0 0 69 0 2 14 0 0 0 0 58 0 0 33 0 0 22 0 0 0 0 97 0 68 0 0 0 0 52 0 26 96 47 93 0 0 0 0 0 0 0 0 67 0 99 0 32 0 31 58 0 0 34 73 0 0 14 0 0 0 0 0 0 0 9 0 0 0 0 0 0 6 33 0 0 3 29 0 0 0 0 0 0 0 0 0 23 0 0 30 0 26 0 42 0 0 0 2 0 0 0 33 93 67 
55 0 0 0 0 54 12 0 48 0 0 0 41 0 0 0 7 0 0 0 0 43 0 0 0 0 0 97 0 57 24 0 45 21 0 0 0 51 0 0 0 0 0 0 0 0 0 0 0 48 53 8 0 47 0 0 0 0 0 23 0 0 0 0 27 30 58 0 0 17 0 0 0 0 0 0 57 0 0 0 4 63 0 0 83 0 0 0 92 93 0 0 0 0 0 0 0 57 0 0 0 37 0 0 0 0 63 0 0 0 0 92 0 81 78 62 0 0 0 0 0 0 0 0 0 0 75 33 0 0 0 13 88 66 0 0 0 0 0 0 0 0 0 0 100 0 93 0 89 31 
73 0 47 0 10 32 80 0 0 47 0 5 0 16 75 30 28 0 0 61 36 49 42 30 0 0 0 0 68 5 74 0 0 0 0 24 0 0 30 0 0 0 0 0 67 7 83 0 0 0 97 10 88 8 78 0 76 27 79 0 50 0 0 0 0 7 52 0 0 0 0 0 0 0 0 0 0 0 0 0 20 0 0 0 97 9 92 0 0 0 72 0 0 98 0 6 0 80 0 0 12 38 16 0 16 0 0 0 0 0 0 0 31 0 8 0 0 0 0 37 83 85 0 0 0 52 59 0 0 7 0 0 0 0 0 0 0 0 0 31 61 0 5 0 34 26 0 0 0 0 
0 0 23 0 0 83 0 0 41 0 0 0 59 0 0 0 47 0 0 68 73 0 10 0 0 0 0 0 0 0 0 0 14 0 0 8 72 0 82 0 0 0 0 99 52 0 0 0 0 0 3 0 61 90 0 34 0 31 0 32 0 0 0 11 80 0 0 0 0 0 0 52 0 0 0 30 0 0 0 0 0 0 26 71 0 68 0 16 39 0 0 1 0 0 0 0 43 37 0 0 78 0 0 0 0 90 99 0 0 0 0 0 0 0 25 0 0 0 0 46 0 0 0 4 0 67 66 40 0 0 75 0 0 0 0 0 7 0 0 0 0 0 0 0 0 0 33 15 85 0 
0 0 0 0 0 0 0 0 0 30 0 6 0 0 0 0 89 44 0 60 0 12 56 47 68 0 0 23 0 0 0 0 0 92 0 0 61 0 81 0 5 0 0 0 0 0 0 0 0 0 0 41 0 0 0 0 65 0 0 0 2 0 0 5 0 0 0 0 0 95 0 0 0 0 30 0 0 0 0 59 0 80 93 0 0 2 0 89 0 0 0 0 0 29 1 0 0 0 0 0 7 97 92 40 0 0 0 28 0 0 0 13 0 59 9 0 0 0 0 0 0 0 0 0 0 13 0 0 0 0 18 0 51 0 0 0 26 0 12 0 0 76 46 0 0 88 0 0 95 0 
47 0 0 73 0 0 48 0 0 0 0 94 0 0 0 0 73 0 70 53 35 0 0 0 21 39 0 0 0 0 0 0 0 51 35 46 98 0 0 0 0 0 0 43 0 17 0 54 36 73 0 0 0 9 54 0 0 0 0 0 0 0 15 54 0 0 0 0 0 83 0 26 57 0 0 0 0 0 0 0 0 94 79 0 0 68 0 0 0 0 0 0 0 0 53 50 0 0 0 10 0 0 0 0 0 0 32 7 36 55 31 0 0 54 97 0 0 0 0 22 61 53 0 0 0 0 0 14 0 37 0 45 0 0 55 0 0 0 0 0 49 49 28 0 0 47 0 0 0 0 
0 0 15 31 0 0 0 0 66 0 0 90 0 10 0 0 38 23 44 0 13 90 53 0 0 0 0 0 0 0 100 97 0 0 0 0 0 0 77 0 0 0 0 0 0 0 29 0 0 0 52 0 0 61 46 10 68 0 0 0 1 0 0 0 0 90 27 13 1 0 0 96 0 0 0 0 0 0 56 0 0 97 0 39 28 31 0 0 0 0 0 0 0 65 77 0 0 0 0 0 8 79 0 0 0 0 0 0 79 30 36 86 76 59 0 0 100 0 66 0 0 0 0 0 0 0 29 0 94 69 0 80 87 0 0 39 0 0 42 17 0 0 24 0 0 0 0 10 0 9 
5 72 29 83 70 81 14 0 0 0 0 92 94 0 0 93 0 37 92 0 0 0 0 46 51 0 0 69 0 0 41 0 0 93 57 0 0 0 76 24 0 0 0 0 0 0 9 0 23 13 0 92 0 0 0 0 0 0 0 0 0 33 0 0 0 0 96 60 59 0 81 47 0 0 0 0 0 56 0 42 0 16 0 0 0 0 0 0 0 45 0 5 10 62 0 0 26 82 20 0 18 73 44 0 68 43 24 0 0 0 0 0 45 0 0 0 0 0 0 84 0 63 0 0 98 94 0 0 0 0 36 0 30 0 0 79 0 0 0 0 0 0 0 2 14 0 0 45 0 0 
77 54 0 56 0 0 39 0 7 0 0 0 13 0 57 83 0 92 0 48 0 59 0 0 0 0 0 4 0 0 0 54 0 0 82 0 21 0 0 0 82 18 0 76 0 0 39 0 0 0 0 19 94 0 1 0 0 0 24 94 28 0 0 7 0 5 0 0 0 35 0 93 0 0 0 59 0 0 42 0 0 0 0 0 0 0 68 79 81 0 25 0 45 0 0 12 0 0 0 0 26 0 0 0 0 0 0 0 0 0 0 0 5 0 80 0 0 0 0 0 0 0 65 0 0 75 0 0 0 0 0 0 0 0 0 0 0 0 0 0 35 0 22 84 0 29 10 0 52 0 
0 21 33 0 0 0 0 0 0 0 0 0 0 0 0 0 49 0 0 78 0 69 0 0 0 0 0 0 0 0 86 4 44 0 0 0 35 0 39 0 38 0 0 95 58 31 96 0 3 0 0 96 44 0 0 78 39 0 31 0 0 0 1 0 0 0 0 0 0 0 0 0 4 20 0 0 0 0 0 0 0 0 0 0 0 74 0 0 84 0 86 92 21 0 0 0 0 95 89 3 0 41 0 79 0 66 0 77 89 0 0 82 31 0 0 0 89 0 57 0 0 38 0 99 0 55 32 0 0 0 0 0 0 0 0 7 0 0 0 0 0 52 90 0 37 0 0 5 0 0 
0 0 30 0 0 31 16 0 0 85 48 80 0 0 0 0 21 45 0 0 0 9 0 13 0 0 39 0 0 27 0 2 87 0 34 0 86 0 0 0 0 95 0 0 0 0 0 0 0 0 0 0 0 41 0 35 80 0 65 0 0 0 0 0 0 37 0 0 0 0 0 0 63 0 0 80 94 97 16 0 0 0 0 0 80 0 59 22 0 0 95 0 0 86 0 0 0 0 66 43 89 8 0 0 0 26 72 0 0 98 0 0 0 0 0 54 0 0 0 0 0 0 0 0 0 0 0 0 0 15 0 0 90 0 0 94 4 0 0 68 0 0 20 0 54 0 53 1 0 0 
0 88 0 0 42 13 98 93 74 0 45 0 67 0 0 14 0 0 0 0 57 0 0 83 0 32 52 0 0 61 63 0 0 0 0 59 0 53 0 0 0 52 86 0 0 0 0 0 0 32 0 0 44 0 0 0 65 0 0 0 97 0 86 47 0 0 0 4 0 0 100 0 0 0 26 93 79 0 0 0 0 0 0 0 0 0 0 0 0 0 0 10 77 79 0 0 0 0 0 76 0 0 82 0 0 0 0 40 100 0 0 0 0 0 0 0 0 65 0 0 0 0 0 0 0 45 32 0 0 0 10 49 0 0 77 0 0 0 0 0 38 0 0 8 52 94 25 0 0 0 
0 61 0 86 0 0 0 0 0 0 0 100 0 0 58 43 86 0 0 0 0 0 97 0 0 0 0 26 0 0 51 98 15 0 0 0 0 0 0 0 0 0 0 21 0 0 0 0 0 0 0 0 0 6 98 0 82 11 9 0 0 68 37 64 0 0 62 0 95 39 51 0 0 0 71 0 0 39 0 0 0 0 0 0 0 39 0 34 0 0 0 0 0 42 0 0 0 0 0 66 22 0 0 75 0 0 0 0 66 0 0 33 0 91 0 56 0 0 0 4 0 0 82 0 0 34 0 83 0 0 0 86 0 0 0 87 0 0 0 0 51 0 0 0 0 0 67 0 0 0 
53 84 0 0 39 62 0 0 0 0 0 0 0 54 0 40 0 0 0 0 0 0 0 0 0 0 0 59 0 82 64 0 74 0 6 49 0 0 0 0 0 0 0 0 9 77 0 0 0 91 0 76 0 0 0 0 0 80 0 31 14 0 0 0 0 0 0 0 0 72 0 0 83 97 0 0 0 28 0 0 0 80 0 0 0 0 70 0 15 0 0 0 0 0 0 11 71 0 35 0 0 0 0 0 72 0 52 9 0 0 2 0 0 0 0 0 0 49 0 87 89 0 0 0 0 0 0 5 0 0 0 89 0 86 0 0 0 0 35 0 0 0 93 0 76 0 36 13 43 0 
0 67 94 0 0 0 23 88 0 0 52 89 0 0 0 0 0 0 0 0 0 0 0 0 0 0 0 0 0 77 93 87 93 94 0 30 0 0 0 0 4 0 0 0 0 0 0 26 0 0 0 27 79 0 0 0 0 0 11 0 0 0 0 85 86 0 0 0 0 15 85 0 0 9 68 2 68 31 0 0 74 0 0 39 0 0 0 4 0 92 0 58 94 68 28 0 36 0 11 0 0 0 0 0 0 0 63 89 0 0 0 0 0 50 55 0 21 0 0 50 0 39 70 0 0 0 0 0 91 63 87 48 57 0 46 0 12 75 43 33 79 0 0 0 77 34 36 0 65 0 
0 0 27 0 0 0 8 15 38 22 0 85 78 0 0 0 0 0 76 26 0 0 0 0 0 53 0 0 0 0 43 81 90 0 0 0 0 0 0 8 0 0 27 23 0 0 0 0 0 0 12 0 0 0 55 0 83 41 87 26 0 0 80 0 17 0 0 0 0 0 0 0 0 92 0 0 0 0 0 68 0 59 0 0 70 0 0 0 0 0 0 0 0 0 23 0 68 0 0 0 0 58 0 90 0 0 0 0 0 0 12 0 0 0 54 82 0 0 0 0 0 0 0 0 0 0 0 0 0 0 0 0 79 93 0 59 0 93 0 0 54 0 0 0 29 0 0 0 0 86 
55 0 0 0 98 0 0 0 0 0 0 0 80 0 0 26 28 0 26 0 16 32 0 63 6 0 0 0 0 0 0 50 58 0 0 0 0 0 0 14 30 0 0 89 0 70 0 0 0 0 0 0 0 97 0 0 22 0 0 0 0 0 0 45 25 0 0 86 98 0 40 0 0 0 16 89 0 0 0 79 0 22 0 34 0 4 0 0 100 0 0 0 0 51 0 0 22 92 0 47 87 75 4 0 0 0 75 27 0 0 0 3 19 0 0 94 0 24 0 0 0 0 0 38 0 52 0 0 0 0 16 54 0 0 0 0 0 0 0 0 0 0 32 2 54 0 0 16 0 88 
0 0 0 0 0 0 0 0 0 0 87 81 0 0 60 0 0 87 0 0 75 95 72 62 0 0 0 69 0 0 0 0 0 58 0 0 0 0 99 0 0 76 0 36 50 0 0 0 0 99 63 12 0 0 9 47 37 0 0 0 6 12 2 0 0 0 0 0 0 0 0 67 92 0 39 0 0 0 0 81 84 0 0 0 15 0 0 100 0 5 0 0 0 35 0 26 0 0 85 0 40 0 21 0 0 0 0 0 0 0 0 0 4 0 0 0 0 0 20 0 0 87 39 0 88 65 0 36 0 0 0 0 0 0 0 0 0 0 0 0 0 0 0 27 0 0 0 83 0 0 
18 0 39 0 0 0 54 0 0 0 34 0 30 0 0 3 13 0 88 63 0 15 64 0 26 75 0 53 0 0 0 0 73 0 0 0 0 0 0 11 0 0 0 0 99 58 0 0 0 0 0 0 0 0 71 0 30 55 57 0 0 0 0 49 0 0 0 87 0 0 0 0 93 0 0 0 0 0 45 0 0 0 0 0 0 92 0 0 5 0 0 0 64 0 0 0 0 0 0 0 21 0 0 21 0 14 23 0 61 0 88 0 0 71 41 0 0 0 55 0 90 67 0 0 0 0 0 0 96 2 29 0 0 14 0 0 100 0 0 0 0 0 60 0 0 0 0 0 26 37 
41 0 0 87 0 0 0 0 0 0 0 0 0 0 0 0 65 71 0 0 0 0 0 0 0 0 0 0 0 0 0 0 0 0 0 49 0 0 0 21 0 0 27 29 11 0 0 0 1 17 0 0 17 0 0 0 0 0 0 71 0 0 0 99 0 70 0 47 0 0 0 99 0 72 0 0 0 0 0 25 86 95 0 0 0 0 0 0 0 0 0 22 0 0 0 0 23 0 0 0 97 15 0 0 62 80 92 14 0 16 51 0 58 0 0 0 0 0 0 47 0 34 0 2 4 46 0 0 26 0 0 28 0 0 21 86 0 17 71 30 0 0 36 87 0 89 87 0 0 97 
0 0 0 0 0 0 7 97 0 0 0 0 0 0 0 0 0 0 0 0 80 34 86 72 65 45 0 27 0 0 20 0 0 50 74 0 0 0 0 0 13 44 96 34 36 59 30 0 0 0 0 0 0 0 0 0 0 0 0 0 54 0 0 0 93 0 0 78 0 0 0 0 0 0 1 0 0 0 5 0 92 0 10 0 0 58 0 0 0 0 22 0 0 0 0 63 0 0 0 0 0 0 0 92 87 0 0 0 0 0 41 79 0 0 0 0 0 0 0 98 0 0 0 46 0 90 0 0 50 0 0 0 72 50 60 0 0 17 0 0 0 0 31 63 37 0 0 0 0 0 
22 0 0 91 0 0 0 0 38 55 0 0 0 0 0 0 0 0 0 15 89 30 35 30 95 0 0 40 0 0 0 3 0 0 63 0 0 0 12 0 0 95 0 0 0 30 0 0 0 0 0 50 8 0 0 2 0 0 0 61 0 0 68 0 59 0 0 0 0 0 19 32 0 0 0 0 0 0 10 45 21 0 77 0 0 94 0 0 0 64 0 0 0 0 50 0 20 0 86 0 0 0 0 0 38 45 0 0 0 29 25 0 0 0 89 15 0 0 0 0 40 0 0 0 0 66 0 0 28 0 0 0 0 52 7 0 0 0 0 0 0 6 0 0 70 0 58 0 0 35 
0 92 0 6 78 1 0 0 0 0 0 0 0 67 48 0 0 0 0 55 0 0 0 0 23 1 0 84 20 17 0 29 14 0 0 0 0 0 0 0 0 0 25 57 0 52 0 11 0 10 0 0 0 98 82 0 0 0 0 0 0 12 0 89 0 0 0 0 0 0 0 0 0 98 0 29 0 65 62 0 0 86 79 42 0 68 0 51 35 0 0 0 0 0 0 0 0 95 0 0 0 0 0 0 44 0 0 0 0 0 0 0 0 0 86 0 0 0 0 0 88 0 0 45 73 0 0 22 0 28 0 0 0 0 0 0 0 0 0 0 0 80 52 57 0 6 61 0 26 92 
0 0 65 0 0 0 46 0 0 0 52 59 0 0 0 7 0 0 0 0 25 74 0 41 12 0 0 0 18 28 0 41 46 0 0 17 0 85 0 0 0 96 17 0 0 0 0 80 0 0 82 17 0 94 0 12 33 81 0 0 0 0 65 37 0 0 0 64 0 0 0 31 0 0 0 1 53 77 0 0 0 0 0 0 0 28 23 0 0 0 0 0 50 0 0 0 0 0 90 0 61 0 0 98 0 0 5 0 5 0 0 0 0 0 88 26 0 0 0 10 0 0 0 0 11 0 0 57 0 0 0 0 0 77 0 0 69 0 0 58 0 51 0 0 31 88 0 0 3 0 
0 43 0 0 0 0 48 0 0 0 70 0 85 0 0 0 0 88 0 91 0 0 74 0 0 0 28 82 72 0 0 66 28 0 0 15 0 46 0 0 0 0 0 0 0 21 95 14 0 0 0 71 0 0 0 83 0 0 0 87 1 3 0 8 0 0 19 0 61 8 0 58 0 6 0 0 50 0 0 12 0 0 0 0 11 0 0 0 26 0 0 63 0 0 0 0 0 99 0 33 18 0 0 0 0 0 21 75 0 0 9 7 31 0 0 37 0 0 0 16 0 0 0 3 0 10 0 0 79 16 0 18 0 0 0 55 0 91 0 28 0 97 0 60 34 0 91 0 0 0 
0 0 0 59 0 5 0 0 0 0 0 9 0 0 0 0 17 30 0 90 65 0 0 0 28 0 0 0 0 0 18 0 48 0 0 0 0 0 0 0 0 16 23 0 0 0 35 0 0 0 93 0 0 0 0 0 0 72 0 0 0 0 0 96 0 25 0 64 3 0 0 0 0 0 43 0 0 0 26 0 0 0 0 0 71 36 68 22 0 0 23 0 20 0 0 0 0 0 0 44 70 0 0 0 48 0 0 99 31 0 0 0 37 0 0 0 0 28 0 0 0 0 9 82 10 30 0 0 0 0 57 61 70 0 0 0 0 0 0 0 0 45 93 0 0 0 0 90 0 0 
0 0 0 89 10 78 0 0 0 0 0 0 0 0 0 0 41 0 0 86 0 0 0 0 0 0 4 57 69 79 0 71 40 23 0 0 70 0 66 64 0 0 0 24 0 0 6 92 0 0 0 84 0 0 0 0 0 51 0 2 0 0 0 0 0 97 0 1 0 0 25 0 57 80 37 0 0 0 82 0 95 0 0 0 0 0 0 92 0 0 0 0 0 95 0 99 0 0 20 0 9 0 0 0 0 0 40 0 0 47 0 5 95 0 0 93 0 8 69 13 93 0 0 0 30 45 0 0 0 0 0 0 0 64 88 0 0 0 0 0 96 0 0 58 0 0 0 99 0 0 
93 0 0 0 0 0 0 0 0 0 12 30 0 71 0 0 0 0 0 0 0 0 0 0 0 0 0 0 0 0 87 0 34 0 0 0 0 0 70 0 97 0 53 0 51 0 0 0 0 0 0 70 0 0 0 0 0 0 0 9 70 0 75 0 99 0 0 0 0 72 0 34 0 0 0 0 0 0 20 0 89 66 0 0 35 11 0 0 85 0 0 0 86 0 90 0 0 20 0 0 0 0 0 0 0 0 0 0 0 0 51 0 0 0 90 0 0 0 0 0 0 0 0 0 70 4 0 0 56 0 0 86 0 22 0 0 0 88 0 57 0 0 0 0 70 0 98 0 0 13 
0 0 11 0 0 0 67 77 52 0 84 0 0 6 0 0 0 19 0 2 68 0 25 2 0 0 44 0 0 0 0 0 0 55 0 0 0 0 0 36 0 79 0 0 0 0 0 0 0 0 0 0 97 0 4 0 0 0 0 14 21 0 0 97 0 0 34 8 0 43 54 73 0 0 0 0 10 0 0 0 3 43 76 66 0 0 0 47 0 0 0 0 0 0 0 33 44 0 0 0 0 40 0 92 0 0 0 21 76 0 0 43 0 0 0 0 35 19 0 0 0 74 0 0 0 0 66 0 0 0 0 13 0 34 28 0 60 35 52 11 97 0 0 0 0 0 0 0 0 0 
0 51 15 0 0 89 0 0 0 0 0 0 10 0 12 35 23 0 0 0 0 0 12 2 99 18 0 0 44 64 0 0 0 0 0 0 0 93 0 46 0 79 0 29 0 0 0 0 92 83 0 96 70 0 99 0 0 0 0 0 0 0 0 0 0 0 44 32 81 0 0 0 0 12 78 7 0 8 18 26 0 89 0 22 0 0 0 87 40 21 97 0 0 0 61 18 70 9 0 0 0 43 0 0 0 0 0 0 0 0 0 0 90 97 64 0 81 0 62 0 52 0 0 0 0 0 0 21 0 0 14 0 0 80 0 34 34 0 0 0 0 0 0 0 0 0 19 69 0 0 
0 0 0 0 11 90 0 0 7 0 0 0 0 52 0 75 0 0 0 87 0 4 0 0 0 0 0 0 0 0 41 14 55 69 0 0 48 35 0 0 30 66 1 24 0 0 54 0 0 0 0 0 99 35 73 0 0 0 0 0 0 79 0 40 0 17 79 0 0 0 0 0 37 38 0 97 0 79 73 0 41 8 0 0 0 0 58 75 0 0 15 0 0 0 0 0 0 0 0 40 43 0 0 0 0 72 69 33 0 0 0 0 0 0 13 0 0 46 0 30 0 10 0 85 30 0 0 22 0 0 5 0 0 0 0 0 64 0 0 0 0 87 0 0 0 23 0 0 0 87 
0 95 67 0 0 11 0 0 0 46 0 34 0 0 94 0 40 0 0 0 0 0 4 0 0 0 0 0 0 0 79 0 0 0 0 0 54 0 57 0 0 0 100 0 0 0 50 0 0 0 0 0 11 71 0 22 0 0 0 30 0 4 80 0 0 0 34 0 0 29 0 14 0 16 0 92 0 0 44 0 0 0 82 0 0 0 0 4 21 0 0 0 0 0 0 0 0 0 0 0 0 0 0 4 0 0 0 0 0 0 0 18 0 0 0 55 0 0 0 0 0 3 29 35 0 0 7 0 0 0 0 4 0 0 0 64 0 0 0 99 0 0 0 0 57 94 0 40 0 0 
0 34 0 0 0 33 0 0 69 55 48 94 0 0 11 0 0 0 0 0 0 67 29 0 0 0 0 37 0 0 0 0 0 0 0 0 8 0 0 0 0 0 51 0 0 45 0 91 0 64 31 61 0 77 22 0 37 94 15 0 0 0 0 0 0 0 0 0 0 0 0 0 0 0 0 40 0 0 0 0 79 0 0 75 0 0 90 0 0 21 0 92 0 0 98 0 0 0 0 92 0 0 4 0 0 80 65 0 85 8 0 0 88 0 0 0 0 0 0 0 0 0 0 0 0 38 69 18 0 0 53 0 16 0 0 0 12 100 82 0 0 0 0 0 0 0 98 0 51 0 
0 29 79 0 0 74 0 53 2 30 0 0 97 0 83 0 0 0 0 26 0 0 0 0 0 0 0 0 92 0 0 0 0 23 0 75 13 0 0 68 0 0 0 0 0 0 0 0 0 0 0 0 27 0 0 97 0 0 66 7 76 0 0 0 77 0 0 34 0 0 0 0 0 16 0 0 0 0 68 0 0 0 0 0 72 0 0 0 0 0 62 87 38 44 0 0 48 0 0 0 0 0 0 0 0 67 0 0 0 0 76 3 46 0 0 54 0 0 0 0 99 0 0 0 0 5 0 0 33 85 0 0 0 0 76 59 53 32 0 92 0 0 3 18 71 91 99 0 50 0 
0 82 0 0 0 0 0 9 0 0 0 0 0 38 0 0 0 0 81 29 90 67 0 0 0 38 76 2 62 69 0 84 42 0 0 0 84 0 16 5 0 0 0 0 0 25 0 58 0 0 30 0 0 15 12 0 0 0 0 0 97 0 0 0 0 13 0 0 74 0 6 0 0 0 90 0 0 0 43 0 66 26 0 0 0 0 0 0 0 14 80 0 45 0 0 0 0 0 0 0 0 72 0 80 67 0 69 0 0 0 0 44 0 75 0 0 0 0 0 0 45 0 0 0 0 57 0 25 0 2 0 0 0 0 0 0 0 0 59 0 0 0 88 0 0 41 0 0 0 0 
0 0 0 18 81 0 0 28 0 0 0 67 0 16 0 0 0 19 77 51 0 97 0 0 0 23 0 0 0 0 74 90 5 0 11 0 46 0 88 0 0 0 0 0 87 0 12 0 0 0 0 0 0 89 0 60 0 0 0 32 0 0 0 90 0 0 94 0 0 36 0 0 63 0 99 0 32 0 24 0 0 72 0 0 52 63 0 75 0 23 92 0 0 0 5 21 0 40 0 0 0 69 0 65 0 69 0 0 23 0 12 0 0 0 0 0 0 40 9 0 0 0 99 0 0 0 0 0 0 0 0 68 0 64 21 88 90 0 0 37 0 0 0 9 0 0 0 0 0 91 
81 0 0 0 0 88 67 0 18 0 0 18 27 0 0 0 0 0 0 85 26 61 0 60 0 0 0 0 47 79 0 0 0 0 0 0 46 100 0 0 0 76 0 0 17 0 96 0 0 0 13 0 16 0 0 0 0 0 0 0 0 0 50 0 41 0 12 93 0 0 0 0 0 0 0 28 7 0 0 0 77 0 40 0 9 89 0 27 0 0 14 0 0 0 0 75 99 0 0 21 0 33 0 0 0 0 0 0 0 18 0 25 61 0 22 2 0 0 0 66 26 0 0 0 75 86 0 0 0 59 0 0 71 0 0 0 0 100 0 0 0 18 0 0 0 0 0 0 18 96 
0 0 0 99 0 0 23 12 71 0 13 0 64 0 23 0 13 0 51 0 0 0 0 87 0 0 0 87 49 0 0 14 0 0 0 0 0 0 39 28 0 0 0 88 0 0 0 0 51 0 35 0 28 72 0 66 0 0 0 0 0 0 0 20 4 29 0 0 0 0 5 0 0 0 0 0 36 79 0 0 89 0 100 66 0 0 0 0 0 61 0 0 0 0 5 0 31 0 0 76 0 0 0 85 0 0 23 0 0 0 0 87 0 65 17 0 89 0 0 0 0 93 0 0 67 0 0 0 0 0 0 88 26 5 62 0 0 97 93 0 0 37 0 0 84 0 80 0 0 0 
0 0 0 35 44 0 0 0 0 0 0 0 33 0 0 20 0 0 0 0 0 64 0 0 0 0 0 0 11 0 0 0 0 0 0 36 0 59 0 44 0 35 6 0 0 0 0 0 0 0 55 24 39 0 0 0 90 91 0 42 0 0 0 89 0 0 0 0 0 60 0 0 0 0 0 0 55 30 0 0 0 98 0 0 0 0 0 0 0 0 16 0 29 0 0 0 0 47 0 0 0 0 0 8 0 0 0 18 0 0 0 58 0 0 34 0 0 0 58 0 0 0 0 0 93 41 72 0 49 0 0 0 46 0 61 74 0 0 0 0 49 0 0 59 0 0 0 0 0 0 
0 0 0 70 0 0 0 0 0 0 0 0 0 33 0 0 0 0 0 0 0 0 86 43 0 0 4 0 0 0 89 0 68 0 0 0 0 0 46 0 0 0 0 0 0 0 0 60 0 0 0 0 0 0 0 0 0 0 19 9 0 0 0 0 0 54 0 0 0 0 0 9 0 0 0 0 31 36 0 0 0 0 0 0 2 0 12 0 0 88 51 41 25 0 0 9 0 0 51 0 0 0 0 0 76 0 12 0 0 0 0 67 18 0 0 0 0 28 0 18 0 0 0 88 28 0 58 0 25 0 0 0 0 0 22 58 0 14 0 73 0 0 0 25 89 0 80 0 0 0 
0 5 0 0 100 0 0 0 0 0 0 0 11 19 0 0 0 0 29 60 0 0 0 25 16 0 0 0 0 52 0 0 0 0 0 0 0 0 0 0 0 74 35 0 56 0 15 0 0 52 0 0 0 0 0 0 0 0 0 46 0 94 0 84 100 59 83 13 0 0 0 0 92 0 0 13 0 86 0 0 82 0 0 33 0 0 0 3 0 0 0 79 0 0 0 7 0 5 0 43 0 0 18 0 3 44 0 25 87 58 67 0 0 11 8 0 2 0 0 0 0 80 0 0 76 0 16 37 0 0 0 60 49 0 93 0 0 56 0 0 86 0 0 49 0 0 0 0 9 17 
0 0 0 0 0 0 0 0 96 34 76 0 2 8 0 0 0 0 0 0 69 0 0 0 0 0 0 0 0 62 0 65 0 60 0 0 11 0 0 0 0 0 31 0 78 0 0 0 50 0 0 0 2 91 0 0 0 65 0 0 0 0 0 5 0 0 0 0 19 0 0 0 0 31 0 0 0 76 45 5 31 0 0 0 0 0 0 19 4 0 58 0 0 0 0 31 37 95 0 0 90 0 0 88 46 0 0 61 0 0 18 0 0 92 0 0 5 0 0 0 0 0 0 11 70 0 0 72 0 0 0 92 0 0 0 0 84 0 0 0 58 0 15 73 0 0 7 16 0 0 
0 0 0 0 0 59 0 0 0 0 0 68 0 0 0 0 0 0 0 8 0 46 0 76 0 0 0 0 0 64 64 45 53 14 0 0 0 0 0 0 0 0 0 0 0 0 0 0 88 0 11 0 0 0 53 0 40 0 55 0 69 4 3 0 0 0 0 0 0 50 0 0 81 0 0 59 54 59 0 0 0 0 0 91 0 50 0 0 0 71 0 0 0 0 0 0 0 0 0 0 97 0 0 0 0 75 0 0 65 0 0 11 92 0 0 0 0 76 0 0 0 0 0 0 0 0 0 0 0 69 1 0 73 0 60 43 0 0 0 89 29 29 0 6 37 70 40 0 16 0 
0 0 41 0 0 0 79 0 0 0 0 39 0 0 0 82 0 42 0 0 42 85 0 57 0 86 0 37 0 0 0 0 0 0 66 0 0 0 0 0 50 98 0 0 0 59 0 0 0 77 0 0 0 0 0 0 0 65 6 0 0 86 87 0 0 0 0 0 7 0 14 0 78 8 25 9 97 0 0 80 0 0 0 0 0 55 54 0 0 41 0 0 89 86 88 0 0 0 90 0 64 13 0 0 0 0 0 22 17 34 0 8 0 0 0 66 53 0 46 93 0 35 0 46 13 0 0 0 90 0 0 0 53 39 86 0 0 0 0 0 93 38 8 0 82 0 93 73 40 1 
0 48 0 0 98 0 0 6 0 0 94 0 0 38 0 0 0 23 0 14 71 0 96 0 0 0 43 0 46 0 0 0 52 0 0 9 0 5 0 0 0 24 17 11 46 0 0 0 42 70 66 0 20 0 0 0 0 0 0 0 0 54 0 0 0 96 0 0 0 40 51 0 62 0 0 0 0 0 0 0 0 54 0 56 0 0 82 94 0 0 0 0 15 0 26 37 0 93 0 0 0 0 55 0 54 0 0 2 0 0 0 0 0 0 66 0 0 0 25 0 0 0 0 0 0 6 0 0 89 0 0 0 0 0 0 0 0 94 0 0 85 0 86 0 0 100 35 40 0 96 
35 46 0 1 0 0 0 55 0 0 0 0 25 89 33 46 0 0 0 0 0 0 0 38 0 0 0 54 0 6 0 0 0 0 83 0 0 36 0 0 0 43 0 100 25 0 0 0 72 0 22 44 0 0 0 30 95 51 0 0 0 0 93 0 0 0 0 2 0 0 0 0 0 0 0 0 0 100 0 0 89 0 0 0 0 21 0 0 0 0 0 0 0 0 0 0 0 0 0 35 81 0 0 0 0 0 0 0 89 0 0 2 5 0 53 0 0 0 0 0 0 19 0 88 69 83 64 0 68 0 0 99 0 96 0 0 40 100 0 29 45 18 40 62 0 0 0 0 0 0 
0 4 0 20 0 24 0 0 75 0 0 70 0 31 61 33 0 0 0 0 0 0 0 0 0 0 0 0 0 67 0 0 0 78 17 12 5 0 0 0 0 0 0 0 0 0 0 25 0 59 97 41 0 0 0 0 59 42 0 0 0 0 0 0 0 0 0 75 0 36 96 6 0 0 0 0 0 0 0 0 0 0 65 0 49 0 0 24 0 0 0 0 0 0 0 0 28 8 0 19 0 46 0 0 0 0 40 0 0 0 28 0 0 76 0 0 0 0 0 0 0 0 94 0 0 0 0 0 0 0 0 0 1 0 0 1 35 74 85 0 7 67 20 24 0 0 0 0 0 0 
0 0 82 0 40 60 28 23 0 0 0 0 8 39 0 0 0 0 0 0 71 0 17 0 71 0 0 63 0 0 0 0 81 0 0 0 0 0 0 86 0 0 0 0 9 98 87 91 0 89 48 0 0 0 0 0 52 0 0 0 0 87 0 0 77 56 19 0 0 46 2 33 0 0 0 0 0 66 0 0 57 0 0 0 0 0 0 0 20 55 0 0 0 0 0 0 0 69 0 0 62 0 0 0 0 0 9 0 0 58 0 0 0 0 46 25 0 0 0 0 90 37 92 0 0 7 0 42 0 0 0 0 0 57 0 0 0 0 43 0 0 0 97 57 0 0 0 97 0 93 
0 0 0 0 0 80 8 0 58 67 0 0 0 0 0 7 0 0 0 0 38 14 0 0 0 0 66 48 79 67 0 56 0 0 7 0 0 0 0 0 86 0 61 0 0 45 0 0 0 0 0 0 0 90 0 0 14 78 0 6 0 0 46 0 0 0 0 32 0 0 0 0 0 37 46 0 22 0 84 0 0 0 0 4 87 50 0 0 0 0 47 98 0 0 10 16 0 13 0 0 0 30 0 0 0 0 0 66 0 0 18 0 0 0 93 0 0 0 0 0 0 0 0 22 0 58 0 0 0 82 21 0 63 77 0 0 5 99 72 0 0 82 0 0 36 0 0 0 0 0 
75 0 96 0 7 77 77 0 0 0 0 0 0 51 0 0 36 36 0 5 12 70 0 4 0 0 0 0 32 0 0 0 0 0 0 0 0 0 7 0 0 0 67 43 0 70 29 21 24 25 0 0 64 6 61 20 0 0 0 25 0 55 0 0 0 0 0 0 0 0 0 0 0 83 0 0 61 0 0 0 0 0 0 0 89 0 0 0 0 90 0 0 40 88 0 0 0 93 0 0 52 0 0 0 99 45 0 26 0 0 0 0 0 0 0 0 0 0 90 0 0 0 73 0 0 94 0 7 82 0 22 52 21 15 0 84 0 95 18 21 92 0 0 0 82 0 0 0 76 0 
46 0 21 51 61 0 72 25 0 0 47 11 75 0 0 0 82 45 18 0 79 0 55 0 0 0 77 42 0 0 0 0 0 39 0 0 28 0 0 0 0 0 0 0 0 0 0 41 46 0 0 0 0 68 0 0 0 0 0 0 0 10 0 0 0 87 0 0 0 36 0 3 0 85 0 0 53 0 63 0 38 0 0 0 0 39 0 0 87 67 34 0 0 0 0 0 0 0 0 74 0 10 3 0 0 0 0 0 93 0 0 80 0 0 35 0 19 0 37 0 0 0 0 54 0 0 52 0 0 24 0 21 0 0 67 59 0 0 0 81 79 0 0 0 77 0 0 0 40 0 
45 95 33 0 0 93 59 0 55 91 0 0 21 0 71 3 0 0 0 0 63 0 0 98 0 0 0 89 0 55 0 0 0 0 0 0 0 0 0 0 0 0 0 0 0 0 0 0 0 0 0 0 69 0 0 60 94 25 0 0 93 0 19 0 0 0 0 23 68 24 0 29 0 0 0 0 0 0 0 65 0 0 0 82 0 70 0 0 39 0 0 0 0 0 0 0 9 0 0 0 0 0 29 0 0 0 99 0 0 0 0 0 0 0 0 0 0 94 92 0 73 0 0 0 0 0 68 13 0 0 50 0 45 0 0 0 0 31 75 0 28 0 0 0 0 0 0 32 56 53 
32 82 0 0 0 79 0 0 0 13 0 0 0 57 0 59 0 91 0 0 97 0 0 0 0 0 0 38 0 0 92 0 0 0 0 0 0 0 0 63 0 0 0 68 0 0 5 0 0 0 40 0 0 0 20 52 0 0 0 0 88 0 0 0 91 0 0 0 46 79 0 0 0 0 4 0 0 0 0 0 99 0 0 0 0 0 0 38 0 0 2 46 0 45 0 3 82 0 0 0 0 85 35 0 0 0 0 0 0 0 88 0 11 0 46 0 88 0 0 22 0 54 0 0 0 0 16 0 0 0 0 60 69 0 1 0 60 44 71 0 0 28 0 73 37 70 79 0 12 0 
15 22 0 0 0 0 63 0 0 0 0 0 50 0 0 11 0 98 0 0 27 0 0 0 0 0 41 0 0 90 97 0 6 82 48 0 4 16 0 0 84 0 7 0 35 0 7 0 0 0 71 0 0 0 0 53 79 12 13 0 28 0 0 54 0 24 0 0 0 81 0 0 0 0 0 0 0 0 98 0 0 0 0 0 0 0 0 0 88 0 4 0 0 73 11 0 10 30 70 0 0 30 0 0 0 0 0 75 67 93 28 76 70 0 13 0 69 0 0 0 0 0 0 0 0 0 36 0 46 74 0 0 0 0 0 0 0 0 83 0 99 0 57 91 0 0 0 46 0 0 
41 0 0 0 95 65 100 0 76 0 72 0 0 0 54 0 51 0 54 0 42 0 0 93 0 0 0 0 0 0 0 0 0 0 7 27 0 46 36 63 0 86 69 0 0 0 0 94 0 98 0 0 0 0 0 73 0 0 0 0 0 0 0 0 0 0 0 89 0 0 26 0 0 52 67 13 0 0 94 75 55 0 45 34 0 0 0 52 65 0 46 90 66 0 0 10 30 45 4 0 0 0 0 38 5 57 0 86 0 41 0 0 0 0 0 6 83 0 7 58 94 0 0 0 0 0 0 64 0 0 0 0 0 0 0 0 0 0 96 0 0 0 0 0 55 0 0 0 0 64 
0 0 41 72 0 87 94 0 35 0 87 0 0 0 56 0 0 0 65 31 100 0 0 0 0 17 0 0 0 0 0 0 12 0 95 8 0 0 0 0 75 0 0 0 95 69 0 0 0 0 0 5 0 0 0 83 0 0 40 0 0 0 72 0 26 0 0 0 0 48 8 0 75 59 66 0 0 29 0 0 32 0 32 0 0 0 0 0 0 0 0 0 0 0 0 0 0 0 0 66 0 0 7 69 0 0 0 0 0 72 58 16 0 0 0 0 64 0 0 0 0 52 68 16 36 0 0 0 0 0 0 0 0 89 0 0 32 63 0 18 0 13 0 0 51 11 0 0 0 51 
89 21 25 16 43 82 52 0 0 54 0 3 0 46 0 0 0 0 59 0 0 70 0 0 0 0 0 0 0 0 75 0 37 21 85 87 89 0 0 0 0 64 45 73 35 43 0 0 79 0 0 89 93 0 0 0 0 34 0 98 0 5 23 0 81 0 71 5 0 30 0 0 33 0 40 0 14 0 0 0 0 0 0 83 5 0 0 0 36 0 0 0 0 22 57 0 0 0 0 0 21 22 0 18 0 25 0 0 0 0 0 37 72 0 0 0 0 0 42 0 7 0 13 0 0 64 0 0 0 0 0 96 0 61 0 25 0 0 0 0 89 0 0 81 0 0 6 55 0 17 
2 70 0 83 0 0 0 0 0 0 0 46 0 46 0 37 69 0 20 0 47 0 0 23 0 0 51 14 0 0 0 0 0 84 0 83 0 0 52 47 50 67 0 0 0 0 98 0 0 0 53 0 0 0 0 0 0 0 98 0 0 0 0 0 0 0 0 0 0 0 0 0 0 0 0 0 0 94 0 0 0 0 0 0 0 91 0 0 0 96 26 50 28 0 0 79 0 0 56 0 0 0 0 0 33 0 0 0 0 49 25 0 0 0 90 89 68 0 0 0 82 0 0 0 46 0 0 0 0 0 0 2 0 0 54 0 0 88 0 0 0 0 0 76 0 78 0 0 92 0 
21 0 0 0 0 0 0 84 0 0 0 0 0 0 88 0 36 0 0 0 0 0 0 0 6 0 20 0 88 16 0 94 51 96 58 0 0 0 0 0 90 0 0 0 1 0 0 49 0 0 0 93 0 0 0 0 0 0 70 24 0 4 0 0 22 20 0 0 0 0 0 0 0 7 0 0 37 69 0 0 0 15 0 0 0 63 0 0 0 2 0 0 0 28 0 16 0 0 0 0 0 0 0 0 85 2 0 59 0 0 0 0 0 69 0 0 0 0 0 82 0 24 0 0 74 0 0 0 0 0 0 0 0 0 0 0 0 66 0 0 0 51 35 0 0 0 0 0 0 53 
5 60 36 0 0 0 86 4 0 0 0 0 0 88 5 0 83 0 100 0 65 0 96 0 27 0 0 68 0 79 44 0 86 0 0 0 0 0 67 0 0 0 57 0 0 0 2 0 0 0 0 0 0 0 0 88 0 0 0 0 0 0 0 85 7 0 34 11 0 0 72 0 0 0 75 18 0 0 36 0 0 0 10 0 0 87 0 16 0 29 0 0 0 0 0 0 57 0 0 0 14 5 0 53 0 0 0 0 0 0 0 0 0 1 0 0 0 0 0 21 22 0 50 0 0 0 0 0 0 0 0 0 0 7 0 0 0 37 0 98 71 0 0 78 0 0 0 0 0 0 
0 88 31 0 1 97 0 31 0 7 0 57 0 0 0 0 0 5 33 0 0 0 0 0 0 0 0 55 0 0 0 0 2 0 0 0 0 52 0 0 86 0 0 61 65 0 0 88 0 0 0 3 0 0 0 0 0 0 0 0 0 44 0 0 0 98 87 0 0 23 0 0 13 0 0 0 45 80 0 0 0 0 49 86 89 48 0 54 0 0 28 0 0 0 0 18 61 0 86 13 0 0 4 0 0 0 68 0 88 0 0 60 92 0 0 0 99 0 0 0 52 21 0 60 0 0 0 96 2 0 0 0 0 0 0 9 16 0 0 0 0 0 0 0 20 71 0 0 20 92 
0 17 0 39 8 0 0 0 0 0 100 31 30 0 0 0 0 20 35 0 57 0 69 0 65 0 0 0 0 57 0 4 0 0 0 18 44 0 0 45 0 0 0 0 0 0 13 0 0 76 0 0 45 0 0 87 0 0 0 0 0 0 0 11 0 0 0 0 0 0 0 23 88 0 0 51 0 87 30 0 0 90 0 0 0 57 79 0 0 0 0 72 0 0 0 0 70 0 0 0 0 0 0 16 0 0 0 71 26 46 0 49 0 73 53 0 0 1 0 63 21 0 45 69 0 0 0 0 0 0 0 0 0 17 42 2 29 7 0 0 0 0 0 0 0 0 0 0 0 41 
46 87 0 79 98 0 0 0 0 0 0 0 0 81 0 0 0 0 0 0 0 0 0 0 73 0 0 0 0 34 0 0 0 46 60 34 0 0 79 0 0 0 12 39 0 0 0 0 25 0 8 64 0 0 0 0 99 0 0 33 0 0 79 0 0 0 100 0 12 0 0 0 66 0 0 0 0 0 0 0 0 0 0 0 86 0 93 0 0 14 0 50 52 0 77 0 0 64 22 34 80 0 0 0 0 0 64 0 5 0 0 0 0 0 39 0 96 0 57 77 15 0 0 0 0 0 89 61 0 0 7 0 17 0 0 24 0 0 61 0 0 43 0 0 0 0 0 0 0 24 
0 0 0 0 4 0 47 0 32 0 28 62 0 78 0 0 0 0 0 0 0 83 11 0 0 0 0 0 0 0 0 0 0 0 62 0 0 0 0 100 0 0 0 0 0 0 0 9 74 0 76 0 0 0 0 10 0 10 0 0 0 0 41 0 80 0 0 0 44 5 13 0 0 0 0 0 55 0 0 0 0 0 77 0 0 46 0 0 0 0 21 60 7 0 0 0 0 88 0 28 0 0 0 0 76 0 21 0 62 61 22 93 0 60 86 0 0 0 0 0 0 67 0 1 0 0 0 0 54 0 0 0 42 0 0 19 36 0 0 0 74 92 0 0 0 0 0 0 94 0 
0 87 0 33 0 0 83 0 0 73 0 0 0 0 0 0 4 69 77 16 78 0 21 0 0 0 4 98 0 0 0 0 0 0 0 0 96 0 0 0 0 0 12 0 0 0 0 59 56 0 89 0 0 0 0 0 0 0 0 18 0 79 1 0 0 0 80 0 15 7 0 30 0 0 0 0 0 39 79 0 7 94 0 87 0 0 59 0 0 0 86 0 0 0 0 55 0 0 0 0 34 0 64 0 59 0 88 0 0 74 58 0 0 43 0 0 0 1 0 0 84 59 0 0 0 0 0 25 0 0 0 9 2 24 19 0 0 20 0 0 0 1 0 63 0 0 38 0 0 0 
41 0 0 51 0 0 0 0 0 0 0 53 64 0 69 52 72 28 0 0 0 0 0 95 93 0 0 0 0 0 15 0 38 0 0 48 0 0 0 0 0 52 0 84 0 0 0 0 0 92 0 21 0 0 0 0 0 75 76 0 0 0 0 0 43 0 17 63 20 0 0 0 0 0 7 26 0 0 0 0 0 4 0 0 0 12 0 0 0 100 0 0 0 0 69 0 0 0 0 60 34 64 0 12 53 0 90 0 0 0 0 0 84 0 0 0 40 35 0 5 0 0 0 60 0 0 32 0 0 0 0 16 29 0 36 0 0 0 0 0 37 0 0 0 17 0 87 0 0 0 
0 0 0 0 88 25 46 0 79 37 48 0 0 0 0 5 0 0 0 0 80 6 0 11 0 0 0 0 0 0 0 0 0 7 0 0 94 69 0 0 0 91 0 6 18 47 73 0 92 0 0 0 0 0 0 0 0 0 97 0 0 0 0 0 0 0 14 0 40 0 0 26 0 0 0 0 0 0 0 0 0 0 0 0 0 75 93 0 0 0 17 17 0 0 0 91 0 0 88 35 0 0 0 100 32 0 0 100 97 0 14 56 0 0 0 94 100 74 0 99 95 0 31 44 0 0 63 0 88 66 37 0 7 0 0 20 0 0 61 45 76 0 49 32 0 92 0 0 0 67 
0 0 80 0 0 0 27 0 0 52 0 0 0 0 0 36 0 71 0 43 0 71 0 56 0 0 0 0 0 0 0 0 0 0 75 0 0 69 0 59 94 0 0 0 9 0 0 0 0 71 0 0 7 75 0 0 0 96 0 48 25 0 0 20 23 0 0 85 0 75 0 0 0 0 0 12 0 42 0 0 0 0 0 0 35 43 0 0 0 0 71 0 0 0 0 0 0 0 0 52 0 0 0 82 0 59 0 0 93 0 0 0 0 0 0 0 0 85 43 72 18 0 75 71 83 96 0 0 0 0 0 0 0 61 0 0 0 61 0 0 0 0 0 0 0 0 0 13 0 0 
26 74 0 16 0 55 0 53 0 0 0 0 0 0 0 0 0 8 0 0 70 0 0 0 0 0 4 86 46 0 0 0 64 0 0 73 9 0 0 0 52 0 0 7 0 0 0 61 96 49 85 0 0 17 28 0 0 0 30 0 0 0 0 43 0 32 57 0 0 0 9 42 0 31 0 0 0 17 0 0 0 68 0 0 0 33 0 0 0 0 30 0 0 0 58 28 0 0 57 11 0 0 99 0 92 0 37 0 0 0 73 0 0 89 0 0 29 0 0 0 21 81 0 0 0 0 18 0 0 0 98 0 0 0 0 0 0 45 0 0 31 0 0 0 0 79 9 62 0 0 
49 27 0 0 0 0 52 67 0 0 0 6 0 0 0 0 0 99 0 21 100 0 0 0 15 0 26 0 0 0 32 0 0 67 0 88 81 0 0 91 17 0 0 0 38 0 6 1 0 54 0 0 0 0 0 75 0 0 0 37 0 0 0 0 0 0 0 92 0 0 0 0 0 61 0 0 49 0 0 35 0 0 38 51 0 79 54 0 0 0 0 0 0 0 0 0 0 96 0 97 0 0 0 0 0 0 0 0 0 49 0 86 58 29 93 85 45 7 0 0 92 79 28 0 99 0 0 89 0 0 71 0 0 0 74 0 37 76 0 31 0 35 0 0 0 0 0 0 0 9 
65 0 0 0 0 0 0 0 7 0 71 0 0 0 61 0 0 74 0 0 0 0 0 0 71 0 35 0 0 0 0 0 0 0 0 48 24 0 0 0 0 21 0 44 0 79 0 0 0 4 10 0 0 0 0 0 0 0 62 16 0 0 0 0 0 0 16 0 39 0 0 0 0 0 0 76 49 0 0 0 52 0 0 0 0 0 0 0 0 0 0 0 6 80 51 97 45 0 0 0 0 87 0 0 0 0 0 18 37 0 0 0 0 29 38 0 18 67 0 82 0 0 0 28 0 0 13 0 0 51 0 0 0 43 92 1 0 0 0 0 35 0 0 72 0 86 90 0 90 0 
34 95 93 0 0 86 73 0 0 15 100 0 26 40 85 0 0 0 0 78 12 0 25 4 0 0 0 54 0 0 0 89 0 0 100 0 0 81 0 30 0 0 88 0 87 0 3 0 0 0 62 99 0 11 0 0 0 0 0 42 0 2 15 0 0 0 0 62 0 38 0 0 0 5 0 46 28 24 0 22 90 20 0 0 93 0 0 32 0 60 36 31 0 52 0 0 93 0 0 0 0 0 0 0 3 88 0 0 0 0 0 0 15 0 8 86 40 20 97 0 0 0 0 0 57 0 0 0 0 35 0 0 0 0 0 0 0 49 0 0 0 0 0 49 0 0 0 0 0 62 
0 0 0 0 0 0 0 0 0 0 0 61 0 0 0 0 0 0 0 0 97 0 0 48 0 0 0 0 0 0 0 0 41 0 0 0 0 100 70 0 0 0 0 0 0 0 0 53 84 0 54 47 0 0 70 0 30 0 63 44 68 0 0 0 0 0 0 0 0 74 0 2 0 0 0 0 0 0 2 84 0 0 8 0 0 0 0 2 27 0 87 63 0 57 0 60 0 58 0 0 0 0 0 0 18 0 9 0 0 59 25 49 73 6 0 0 62 24 57 0 0 0 0 73 91 0 0 81 76 0 78 0 0 0 0 63 0 32 0 0 0 72 49 0 0 0 0 0 43 0 
33 0 11 0 0 0 0 0 34 0 90 0 0 0 0 0 0 0 0 0 48 46 0 0 0 0 0 0 64 70 78 0 0 8 0 0 22 11 0 28 6 0 0 0 0 0 0 43 0 8 35 20 0 0 0 0 0 0 0 0 0 0 0 0 0 0 0 0 0 0 0 0 100 34 0 0 0 0 14 0 37 54 52 0 76 77 29 54 0 0 0 37 70 0 31 34 0 0 70 0 0 0 57 0 71 0 0 0 84 0 89 0 0 37 82 0 0 0 0 36 82 77 0 37 0 55 51 0 0 0 0 20 0 0 0 0 17 0 0 0 0 0 0 0 0 0 0 0 62 0 
0 73 0 0 24 41 90 67 16 0 99 0 60 84 0 0 0 72 41 0 0 0 0 50 0 16 58 23 0 17 99 0 0 0 37 0 68 0 0 0 40 0 0 0 22 97 46 0 0 12 0 90 0 0 0 0 0 0 0 54 0 89 0 0 0 0 0 0 16 0 0 0 0 26 0 88 47 0 0 29 0 0 94 0 0 34 0 0 0 0 89 0 0 6 88 0 0 0 0 0 0 23 94 0 91 41 0 0 0 0 0 0 0 70 0 100 0 0 0 0 0 0 0 70 0 0 11 0 78 0 0 71 0 0 0 0 0 92 0 79 0 86 0 0 0 0 61 0 44 0 
29 0 0 0 0 33 0 0 99 0 0 47 26 61 0 0 0 0 0 51 0 0 0 27 0 20 0 0 13 0 0 59 0 52 0 0 0 0 0 0 0 0 0 0 0 40 24 97 92 0 2 1 0 0 51 7 70 0 0 35 0 97 0 0 0 65 0 0 0 0 0 0 93 0 33 0 0 0 0 10 0 53 25 67 36 36 0 0 0 0 87 0 58 61 0 91 0 0 98 0 19 0 0 98 99 0 0 0 80 0 80 0 7 40 93 35 0 0 0 0 0 0 0 79 0 0 0 6 0 0 0 0 0 0 0 38 87 0 0 9 0 90 0 0 0 61 0 0 0 84 
0 7 0 32 0 0 0 0 0 58 0 39 52 21 0 0 0 0 0 76 0 39 0 0 12 78 0 0 51 0 0 0 0 0 0 0 0 0 0 0 0 0 57 0 0 76 0 0 0 0 85 0 0 0 0 0 0 0 0 0 29 12 8 0 0 0 0 0 0 50 0 33 0 0 15 0 0 10 45 0 5 1 0 0 13 0 0 16 83 0 0 0 0 0 0 0 90 99 0 0 69 0 40 0 0 0 0 0 0 0 0 0 16 0 73 40 0 0 97 0 0 0 32 0 46 0 0 55 0 0 0 0 0 0 0 0 0 0 13 62 0 0 0 0 0 0 0 0 36 0 
0 39 0 0 92 0 0 96 0 0 0 11 0 0 0 0 0 91 0 0 0 0 0 0 0 0 23 61 0 1 0 0 0 43 84 0 38 0 46 0 16 0 0 55 0 0 0 0 0 54 46 0 0 0 0 0 31 0 0 0 24 0 0 45 70 0 81 0 0 94 0 93 89 0 85 95 0 0 0 52 0 0 0 0 43 65 0 0 0 26 0 0 0 26 3 0 0 0 0 0 0 0 0 51 50 0 0 18 0 0 0 9 0 16 40 0 0 0 0 0 76 40 56 12 0 0 0 0 92 0 0 20 0 0 94 0 0 0 0 0 0 90 0 43 62 44 0 36 0 0 
0 3 0 0 0 0 96 0 0 0 0 0 67 0 0 0 0 24 0 80 50 0 73 0 0 36 0 0 0 0 94 5 0 2 0 0 64 0 0 78 0 0 53 97 0 38 0 0 0 0 13 0 0 0 28 46 78 0 0 61 0 93 0 0 0 0 39 0 0 0 0 67 31 0 0 0 0 9 0 0 0 0 0 0 0 0 86 88 0 37 97 0 35 92 0 0 0 0 13 0 0 87 0 0 0 0 91 96 0 0 0 17 0 0 1 96 0 0 93 0 0 0 53 0 0 64 51 17 0 53 0 92 41 24 0 0 0 67 0 0 9 0 62 0 0 0 84 0 0 0 
