120 28
0 31 97 27 0 94 0 39 4 63 54 45 88 0 0 90 9 22 0 74 92 48 44 11 0 90 0 81 10 0 0 0 73 67 72 64 0 78 0 0 99 0 0 30 0 23 89 47 65 53 87 0 0 0 0 80 0 53 48 85 17 0 9 93 67 74 0 0 97 0 0 0 0 0 0 0 0 91 0 7 0 33 4 14 0 37 48 0 0 0 62 63 4 77 0 0 61 63 53 0 21 0 4 0 93 73 28 0 0 49 0 0 67 0 33 8 68 19 32 58 
31 0 29 0 84 42 50 0 0 25 0 6 18 69 99 0 24 53 0 0 6 97 10 73 38 85 0 0 0 9 4 0 75 56 71 0 0 60 44 11 0 0 82 0 0 58 71 63 41 0 46 0 0 0 0 0 94 88 0 84 79 52 71 0 0 0 0 55 46 78 0 0 41 3 0 45 2 52 0 0 99 0 46 33 0 0 58 0 0 21 6 51 71 60 0 74 0 7 41 8 0 59 0 0 47 0 13 63 66 59 0 48 35 0 96 0 38 76 14 0 
97 29 0 57 93 0 0 81 24 0 0 20 39 0 0 36 33 0 0 0 52 22 0 0 24 46 21 0 44 68 0 0 0 8 97 0 57 0 10 0 68 61 82 100 0 0 0 0 0 89 92 0 89 88 0 0 21 57 0 83 0 0 0 84 51 0 0 64 0 19 28 21 97 0 0 43 0 48 58 71 0 59 90 87 0 0 48 0 92 1 95 0 0 0 0 0 0 96 72 8 0 43 0 0 0 100 44 0 90 50 100 0 67 0 56 0 64 61 87 100 
27 0 57 0 15 0 60 21 74 26 0 59 0 0 0 49 18 0 92 0 0 0 94 77 73 0 0 64 37 88 66 91 100 4 87 0 60 3 32 17 97 53 95 0 0 0 1 50 53 99 0 1 63 57 0 0 0 74 86 23 0 31 80 65 13 30 58 0 41 90 12 0 0 50 0 0 0 86 57 34 91 0 0 0 0 0 88 0 0 94 0 96 37 17 0 0 0 0 0 0 0 0 35 88 0 0 30 99 0 51 0 0 0 41 82 2 0 0 63 15 
0 84 93 15 0 1 0 0 53 48 0 63 0 21 0 97 0 65 38 0 13 41 0 13 0 61 0 80 0 0 0 0 56 10 47 0 61 13 0 78 38 37 84 91 43 0 87 21 0 0 0 0 81 18 0 19 0 0 0 17 0 14 13 0 0 0 0 91 21 0 52 0 16 0 0 73 90 0 14 0 36 0 9 17 87 44 0 88 64 93 64 1 0 0 69 0 10 0 53 0 0 75 0 71 35 0 0 40 0 0 69 0 19 92 0 88 76 0 38 0 
94 42 0 0 1 0 0 0 95 0 13 77 67 0 92 0 0 0 0 70 74 53 0 96 8 0 0 0 0 0 0 0 35 0 0 0 0 40 0 0 65 60 64 2 63 0 1 13 4 95 0 0 0 42 35 4 44 0 89 30 18 0 51 0 29 67 0 0 0 0 0 77 94 0 0 0 0 32 0 72 96 11 0 0 92 93 0 70 58 0 91 0 3 96 0 0 0 0 55 92 0 0 80 78 0 45 46 99 49 92 82 45 0 0 0 31 76 29 67 0 
0 50 0 60 0 0 0 3 85 42 38 0 0 0 0 0 0 0 0 22 0 0 5 0 0 85 33 98 0 64 0 90 8 14 23 0 0 0 77 0 95 0 0 0 6 53 0 0 28 0 0 0 64 94 45 0 63 65 0 0 0 63 0 7 94 0 0 74 0 0 100 13 98 70 0 0 0 0 0 0 28 52 20 0 46 0 0 0 0 0 23 69 0 67 92 88 100 27 31 92 52 0 81 83 0 0 0 77 11 0 15 0 33 56 73 56 3 0 90 37 
39 0 81 21 0 0 3 0 1 55 0 45 87 0 38 21 38 0 81 31 0 83 37 0 99 5 0 0 75 82 0 36 34 32 56 59 16 0 94 87 4 0 45 0 66 0 0 78 70 1 0 28 0 12 0 0 0 32 75 77 0 0 78 98 0 61 0 0 94 0 0 69 0 90 78 42 30 0 88 22 0 79 23 0 0 15 0 81 0 0 0 89 76 0 65 97 0 32 0 79 25 0 25 98 36 73 0 67 52 0 0 45 4 0 0 0 4 90 0 0 
4 0 24 74 53 95 85 1 0 0 0 0 55 0 69 0 0 0 0 0 78 0 0 2 0 38 0 0 74 26 0 43 77 91 28 35 4 0 72 37 50 7 0 85 0 0 55 0 73 97 0 47 7 0 23 38 79 0 48 42 64 0 62 80 22 0 77 84 59 4 0 0 10 76 57 0 76 0 59 0 0 64 84 2 42 0 0 0 14 90 0 19 28 43 3 0 81 0 0 97 74 98 0 0 0 0 0 21 0 1 53 66 93 39 0 63 0 69 0 70 
63 25 0 26 48 0 42 55 0 0 0 0 49 0 29 0 33 0 0 5 0 15 0 0 0 79 0 0 0 0 30 27 80 75 76 0 11 39 0 0 30 53 0 50 0 0 77 0 0 0 46 43 56 53 0 0 34 22 14 7 52 37 0 0 0 0 41 0 76 93 24 0 0 22 0 0 0 0 27 27 18 0 27 0 0 0 0 55 0 0 0 0 45 85 0 0 0 0 45 0 0 0 61 31 0 8 8 0 15 75 79 95 76 0 71 81 77 67 92 4 
54 0 0 0 0 13 38 0 0 0 0 0 0 0 26 30 0 84 66 0 55 52 84 49 0 61 0 32 0 0 0 60 0 81 0 9 54 16 23 93 65 0 0 45 39 71 48 0 19 22 0 94 31 0 50 80 0 0 56 69 0 38 17 21 12 39 0 0 13 0 79 0 0 20 0 0 5 0 25 88 14 0 0 40 0 44 74 0 68 15 47 26 0 0 81 54 0 0 0 15 55 2 29 59 0 3 31 12 0 0 0 25 0 0 0 0 0 25 9 0 
45 6 20 59 63 77 0 45 0 0 0 0 0 42 0 0 33 0 49 0 0 59 85 0 67 18 87 0 26 21 0 0 42 80 94 3 73 79 11 80 38 8 18 86 0 40 0 45 0 0 0 18 7 12 17 0 59 20 0 57 0 9 0 72 0 72 0 26 0 28 87 97 0 0 85 49 19 25 0 0 11 0 31 0 0 67 0 75 27 78 0 0 0 6 0 46 0 0 0 76 0 0 70 0 30 0 48 0 87 20 66 0 0 24 9 0 0 0 38 91 
88 18 39 0 0 67 0 87 55 49 0 0 0 0 12 0 33 0 0 58 0 0 90 90 40 40 0 0 0 0 0 11 0 39 0 50 52 36 87 0 83 2 0 96 0 0 0 0 69 0 0 56 77 0 63 0 60 0 78 21 83 0 37 5 43 91 0 28 92 0 0 0 0 80 79 2 0 0 57 0 0 87 0 66 0 0 71 0 6 0 0 17 42 14 48 0 0 63 0 0 0 81 41 18 77 0 62 0 0 96 0 0 66 53 56 77 0 46 20 14 
0 69 0 0 21 0 0 0 0 0 0 42 0 0 0 54 0 23 0 3 60 0 10 100 0 84 0 0 10 0 0 0 99 21 0 27 0 30 0 19 22 70 0 0 23 46 46 54 64 0 71 35 94 0 0 13 0 0 88 0 71 0 0 49 35 84 31 71 10 9 13 25 3 89 0 0 0 96 93 68 55 0 9 57 0 46 0 59 35 55 0 59 0 0 65 0 24 0 0 27 0 0 0 89 95 0 45 0 0 29 0 0 0 0 0 60 0 37 0 69 
0 99 0 0 0 92 0 38 69 29 26 0 12 0 0 0 35 0 0 0 68 28 0 0 0 0 0 0 0 0 67 53 7 0 0 92 38 0 0 0 35 22 84 0 0 0 16 90 0 63 0 2 7 96 0 0 63 92 0 98 63 11 86 98 37 98 25 60 0 0 11 9 0 53 0 0 48 0 0 0 10 5 88 50 0 59 0 16 0 65 73 62 43 0 0 80 10 67 97 0 48 93 53 2 32 0 76 0 20 0 70 0 3 0 48 0 44 22 1 0 
90 0 36 49 97 0 0 21 0 0 30 0 0 54 0 0 0 70 0 68 0 84 30 36 0 71 36 76 0 7 70 0 0 0 0 36 56 49 0 0 0 58 67 54 74 0 37 3 0 99 0 32 71 76 24 0 26 0 77 88 0 1 97 16 74 88 7 0 0 0 0 0 97 6 0 0 3 69 0 0 0 55 51 16 23 0 33 60 0 85 0 0 0 55 80 0 11 0 91 77 0 0 64 44 82 47 88 0 0 57 0 0 24 0 67 0 82 0 74 54 
9 24 33 18 0 0 0 38 0 33 0 33 33 0 35 0 0 0 99 20 0 41 0 8 0 80 0 37 0 0 0 0 91 15 0 94 62 38 0 0 61 18 0 0 0 39 0 72 0 77 0 96 0 28 56 56 0 0 29 58 0 0 74 50 0 0 0 0 52 0 22 46 24 35 0 76 54 0 0 0 0 99 0 0 62 0 0 3 0 30 0 22 4 21 0 29 2 66 0 55 94 0 23 81 0 100 15 0 0 0 97 84 0 84 0 0 53 42 0 0 
22 53 0 0 65 0 0 0 0 0 84 0 0 23 0 70 0 0 0 0 0 0 65 69 0 0 35 32 93 0 0 65 23 49 0 0 0 15 76 27 0 87 25 9 83 84 0 33 62 0 0 79 58 89 0 0 0 91 98 0 0 22 0 0 68 0 51 0 0 36 0 8 47 0 72 0 0 53 68 22 73 0 0 0 89 0 0 83 0 61 88 0 67 63 61 22 3 80 0 69 72 54 0 9 0 100 13 78 0 17 76 90 95 0 69 0 90 0 98 0 
0 0 0 92 38 0 0 81 0 0 66 49 0 0 0 0 99 0 0 0 55 0 73 77 0 0 0 77 63 94 59 17 56 0 30 82 91 0 27 32 0 53 0 0 66 21 24 0 0 0 0 8 95 0 76 0 0 0 0 35 0 93 0 0 0 4 0 88 83 88 0 0 0 65 3 51 94 0 0 73 0 0 86 0 0 18 0 96 67 63 0 1 43 13 26 13 15 28 0 87 0 0 0 40 94 11 22 36 0 0 89 0 96 0 0 97 100 23 41 9 
74 0 0 0 0 70 22 31 0 5 0 0 58 3 0 68 20 0 0 0 0 99 94 77 74 89 0 0 0 15 38 4 0 99 31 0 0 69 84 0 88 19 77 97 0 57 0 59 77 48 0 0 22 46 0 66 40 0 24 32 0 0 100 31 0 95 91 68 31 0 52 0 0 89 62 8 58 0 88 26 21 0 0 0 58 0 0 66 0 98 0 0 0 0 96 29 0 0 0 13 97 0 0 0 49 72 98 0 28 12 4 5 34 67 61 52 48 0 32 0 
92 6 52 0 13 74 0 0 78 0 55 0 0 60 68 0 0 0 55 0 0 0 0 0 14 55 20 0 0 0 0 0 0 0 0 48 0 0 50 91 0 0 0 0 98 81 69 82 48 0 0 0 39 10 85 0 60 81 0 46 0 35 98 0 89 0 0 0 0 31 90 0 55 4 0 0 0 0 55 0 0 0 40 0 0 77 0 92 0 4 48 0 0 0 0 0 0 23 30 40 0 0 39 72 13 0 0 0 0 0 0 0 0 0 86 0 62 17 69 0 
48 97 22 0 41 53 0 83 0 15 52 59 0 0 28 84 41 0 0 99 0 0 31 0 0 17 0 0 0 0 47 46 0 24 0 44 1 0 0 0 0 92 0 0 99 24 0 0 68 85 21 0 45 29 40 23 0 0 5 60 0 0 0 91 99 0 0 20 42 0 0 97 60 85 97 10 72 71 46 75 91 0 0 0 0 0 0 69 88 67 5 0 52 94 0 79 0 16 14 0 51 0 49 14 75 0 4 80 0 77 10 8 0 95 0 61 3 0 0 0 
44 10 0 94 0 0 5 37 0 0 84 85 90 10 0 30 0 65 73 94 0 31 0 11 23 0 54 0 92 0 0 40 80 0 12 0 0 0 61 0 100 0 37 97 61 73 41 76 94 47 0 25 0 0 0 89 46 0 84 0 12 0 40 80 17 0 84 63 78 50 0 45 33 79 73 73 20 0 0 50 93 98 58 39 92 20 0 0 0 61 27 0 0 46 29 100 23 54 67 0 0 0 0 0 3 75 34 0 0 0 60 0 0 21 0 79 0 84 60 35 
11 73 0 77 13 96 0 0 2 0 49 0 90 100 0 36 8 69 77 77 0 0 11 0 18 0 11 73 69 78 52 0 49 0 45 58 0 43 90 32 0 26 53 75 57 83 12 0 33 0 13 39 35 0 87 0 83 32 27 0 0 6 0 97 0 32 27 41 0 0 0 86 0 0 20 84 0 22 11 41 0 6 35 0 97 0 87 100 0 62 0 0 69 25 23 28 61 81 0 39 49 0 41 80 86 99 62 0 84 42 94 85 0 0 0 0 44 66 59 82 
0 38 24 73 0 8 0 99 0 0 0 67 40 0 0 0 0 0 0 74 14 0 23 18 0 0 47 0 0 0 63 62 21 31 100 96 0 0 0 0 0 0 0 79 35 0 90 18 0 19 0 81 0 87 0 0 0 59 34 74 9 0 0 42 100 58 0 86 96 68 47 0 0 87 0 6 0 0 0 43 0 63 47 30 33 0 56 0 0 0 0 10 52 11 68 80 0 0 0 88 42 0 62 27 0 0 17 0 0 0 28 0 0 73 0 0 0 81 73 29 
90 85 46 0 61 0 85 5 38 79 61 18 40 84 0 71 80 0 0 89 55 17 0 0 0 0 0 0 86 0 39 68 0 88 76 88 9 90 0 0 46 0 0 55 0 7 36 0 8 60 0 0 0 21 0 63 21 28 0 78 27 37 0 56 99 0 82 0 19 0 0 0 0 24 0 0 0 0 56 0 27 16 0 14 0 36 16 0 0 61 0 90 73 53 67 59 0 60 53 89 74 53 0 0 67 44 0 38 0 10 52 67 34 17 0 29 0 31 0 29 
0 0 21 0 0 0 33 0 0 0 0 87 0 0 0 36 0 35 0 0 20 0 54 11 47 0 0 64 0 0 0 92 0 0 0 0 71 0 37 0 46 0 82 14 61 0 0 42 0 65 31 0 89 71 0 46 0 0 69 82 0 0 0 0 85 0 0 0 10 0 0 94 39 74 0 0 61 0 49 0 0 0 98 54 53 0 0 24 93 6 0 0 0 0 24 0 0 0 67 0 0 48 19 69 0 31 5 2 29 0 81 6 0 33 34 0 0 0 0 78 
81 0 0 64 80 0 98 0 0 0 32 0 0 0 0 76 37 32 77 0 0 0 0 73 0 0 64 0 0 75 0 67 9 58 47 48 0 23 0 17 98 95 84 0 10 7 0 35 19 0 0 0 13 89 0 72 0 0 64 20 100 0 0 57 0 24 0 13 19 7 0 0 75 68 73 0 81 0 70 40 95 64 2 74 63 82 0 32 0 80 31 82 0 90 67 0 87 68 63 12 0 4 0 60 4 0 65 75 32 28 0 86 80 0 0 0 0 0 0 93 
10 0 44 37 0 0 0 75 74 0 0 26 0 10 0 0 0 93 63 0 0 0 92 69 0 86 0 0 0 0 0 52 27 62 56 0 0 0 37 0 18 24 26 79 64 0 0 42 38 12 93 44 80 0 0 6 0 89 23 2 9 67 27 17 0 22 0 41 0 0 39 0 0 69 0 94 72 97 85 93 0 0 11 0 36 99 0 0 0 41 0 0 0 78 55 7 0 24 54 67 61 0 0 0 0 0 0 0 53 0 0 44 0 0 93 0 44 76 0 92 
0 9 68 88 0 0 64 82 26 0 0 21 0 0 0 7 0 0 94 15 0 0 0 78 0 0 0 75 0 0 63 40 93 0 71 40 0 22 0 24 77 46 0 4 0 52 20 0 13 34 38 0 0 0 56 0 0 0 14 0 42 0 80 0 4 0 0 0 0 80 0 19 46 81 88 11 35 0 0 77 0 23 36 72 83 0 0 15 41 0 0 0 90 0 0 0 18 91 18 30 0 0 0 16 0 56 0 0 4 0 57 16 3 50 0 62 51 18 14 52 
0 4 0 66 0 0 0 0 0 30 0 0 0 0 67 70 0 0 59 38 0 47 0 52 63 39 0 0 0 63 0 0 38 66 0 97 30 0 9 0 67 0 0 0 3 0 0 0 20 11 0 31 0 0 86 36 27 0 0 0 50 64 0 15 30 0 76 0 0 0 0 0 39 0 25 67 15 24 39 16 43 47 0 0 3 0 12 45 65 0 0 53 0 0 66 65 0 49 98 0 12 0 0 0 0 86 25 0 0 77 55 0 42 33 3 42 92 0 52 16 
0 0 0 91 0 0 90 36 43 27 60 0 11 0 53 0 0 65 17 4 0 46 40 0 62 68 92 67 52 40 0 0 0 0 0 0 0 17 1 0 0 0 79 78 0 0 0 8 0 50 0 0 0 0 33 13 0 0 87 0 0 0 53 0 37 0 25 0 0 0 0 0 0 47 34 65 0 81 95 0 66 31 35 0 27 46 50 36 32 0 45 0 0 9 0 0 84 5 65 0 0 0 14 56 0 0 41 72 0 70 65 0 12 0 95 0 92 80 0 0 
73 75 0 100 56 35 8 34 77 80 0 42 0 99 7 0 91 23 56 0 0 0 80 49 21 0 0 9 27 93 38 0 0 0 47 52 77 76 94 90 51 0 0 32 0 0 0 0 35 0 43 80 21 2 0 30 0 44 0 0 23 49 0 25 0 0 35 97 33 3 47 0 0 0 36 0 32 0 57 70 38 47 0 0 0 47 0 80 0 66 37 52 57 80 70 34 0 99 0 29 0 0 96 59 0 0 13 52 41 0 0 46 86 0 54 0 1 89 44 0 
67 56 8 4 10 0 14 32 91 75 81 80 39 21 0 0 15 49 0 99 0 24 0 0 31 88 0 58 62 0 66 0 0 0 0 26 0 0 71 62 70 0 0 66 15 0 46 0 4 0 28 51 16 0 25 27 56 0 38 0 20 28 56 0 89 2 0 4 0 0 38 0 0 0 29 0 0 36 59 0 0 0 36 90 29 12 58 80 28 11 0 86 0 29 52 0 89 0 0 48 59 0 42 96 35 0 0 10 0 82 0 94 74 86 0 0 93 0 0 0 
72 71 97 87 47 0 23 56 28 76 0 94 0 0 0 0 0 0 30 31 0 0 12 45 100 76 0 47 56 71 0 0 47 0 0 65 75 0 0 0 68 41 37 27 78 48 5 0 42 0 0 0 14 29 66 31 38 0 65 57 0 0 10 36 0 0 80 69 0 31 62 0 0 0 35 0 92 0 84 0 0 41 0 51 7 26 7 60 98 84 14 4 81 0 0 82 0 0 4 13 0 22 0 0 95 5 78 59 0 0 0 14 66 0 0 0 96 0 0 0 
64 0 0 0 0 0 0 59 35 0 9 3 50 27 92 36 94 0 82 0 48 44 0 58 96 88 0 48 0 40 97 0 52 26 65 0 78 50 96 74 49 33 0 78 0 92 20 7 0 54 27 0 44 0 0 0 68 0 0 14 47 82 87 35 17 92 0 0 75 97 0 86 20 0 63 0 0 81 4 60 19 28 7 0 0 0 76 13 0 70 100 46 51 0 0 41 21 41 0 17 0 39 3 85 0 80 0 0 14 0 79 0 0 80 0 0 0 69 5 0 
0 0 57 60 61 0 0 16 4 11 54 73 52 0 38 56 62 0 91 0 0 1 0 0 0 9 71 0 0 0 30 0 77 0 75 78 0 0 76 0 0 44 76 0 0 38 0 51 0 92 0 0 88 84 51 0 0 52 46 45 0 2 0 0 0 69 0 0 0 0 31 55 83 80 31 28 0 5 64 76 50 80 11 3 86 33 79 4 64 79 0 0 95 20 67 0 32 0 11 0 0 29 0 16 73 15 13 23 0 0 72 27 0 49 37 40 5 31 64 0 
78 60 0 3 13 40 0 0 0 39 16 79 36 30 0 49 38 15 0 69 0 0 0 43 0 90 0 23 0 22 0 17 76 0 0 50 0 0 8 0 17 0 0 99 74 92 0 23 0 12 0 22 4 20 0 71 45 0 79 83 20 70 0 0 44 0 0 95 80 0 0 92 0 0 35 0 2 0 0 38 0 15 44 88 0 38 0 84 87 0 0 71 87 0 50 83 52 88 0 8 51 0 45 5 46 0 4 0 54 15 70 0 0 50 0 71 51 42 64 17 
0 44 10 32 0 0 77 94 72 0 23 11 87 0 0 0 0 76 27 84 50 0 61 90 0 0 37 0 37 0 9 1 94 71 0 96 76 8 0 64 0 33 55 0 0 0 15 0 36 38 0 0 0 94 0 87 34 77 0 32 27 49 97 34 0 0 29 6 7 64 36 88 0 99 0 0 13 39 0 33 0 0 24 0 0 15 85 0 0 0 0 0 61 85 19 0 65 0 100 11 0 0 0 13 9 35 65 3 9 0 74 36 40 0 0 1 0 0 76 92 
0 11 0 17 78 0 0 87 37 0 93 80 0 19 0 0 0 27 32 0 91 0 0 32 0 0 0 17 0 24 0 0 90 62 0 74 0 0 64 0 76 48 0 0 48 0 0 44 15 18 2 0 0 0 45 89 0 0 96 66 0 34 0 0 0 16 86 96 0 23 0 76 100 0 0 0 0 0 0 0 0 100 0 0 0 25 3 0 0 0 19 39 79 0 0 0 0 34 49 0 19 0 0 5 81 13 0 78 80 0 46 0 0 31 0 0 53 38 56 69 
99 0 68 97 38 65 95 4 50 30 65 38 83 22 35 0 61 0 0 88 0 0 100 0 0 46 46 98 18 77 67 0 51 70 68 49 0 17 0 76 0 0 0 41 20 0 49 0 3 27 0 0 0 13 0 0 21 0 94 0 70 0 88 0 52 0 30 0 94 27 68 0 55 0 0 84 39 38 0 0 60 32 90 92 48 0 100 0 72 8 5 88 29 17 57 0 0 0 0 16 82 38 71 97 0 0 0 56 0 0 67 0 0 0 0 0 0 56 0 60 
0 0 61 53 37 60 0 0 7 53 0 8 2 70 22 58 18 87 53 19 0 92 0 26 0 0 0 95 24 46 0 0 0 0 41 33 44 0 33 48 0 0 0 0 0 0 16 26 0 0 0 49 58 0 0 93 46 0 0 30 12 84 58 0 0 0 0 0 0 93 37 0 0 50 0 0 0 99 40 0 0 0 8 0 19 0 61 12 0 43 49 22 0 0 0 0 42 0 45 0 47 18 32 0 28 0 0 0 0 0 6 47 100 0 15 0 0 0 0 0 
0 82 82 95 84 64 0 45 0 0 0 18 0 0 84 67 0 25 0 77 0 0 37 53 0 0 82 84 26 0 0 79 0 0 37 0 76 0 55 0 0 0 0 7 51 96 67 61 82 75 0 32 93 0 0 17 72 0 46 98 38 0 0 0 75 0 78 1 77 64 99 0 0 0 0 35 0 0 52 45 0 50 33 15 17 96 0 0 87 0 0 50 75 0 95 30 0 0 63 60 69 0 0 87 0 56 0 0 3 0 32 0 92 5 58 35 0 43 45 12 
30 0 100 0 91 2 0 0 85 50 45 86 96 0 0 54 0 9 0 97 0 0 97 75 79 55 14 0 79 4 0 78 32 66 27 78 0 99 0 0 41 0 7 0 8 0 69 84 15 5 4 66 0 93 62 0 0 0 31 59 0 0 58 0 13 0 80 15 53 0 0 14 84 0 10 0 10 35 53 2 0 0 15 0 42 0 0 0 99 17 30 0 95 99 5 58 0 0 0 0 24 0 62 0 67 0 0 55 3 92 0 81 65 0 27 98 23 0 0 70 
0 0 0 0 43 63 6 66 0 0 39 0 0 23 0 74 0 83 66 0 98 99 61 57 35 0 61 10 64 0 3 0 0 15 78 0 0 74 0 48 20 0 51 8 0 94 0 24 19 54 33 0 3 29 0 59 0 0 83 84 0 0 51 97 0 57 0 100 0 0 0 0 77 85 0 45 0 0 99 88 9 8 0 74 0 95 0 63 59 0 0 100 0 56 22 0 0 55 43 0 29 0 34 69 57 0 0 0 0 0 53 44 0 3 0 0 0 45 0 0 
23 58 0 0 0 0 53 0 0 0 71 40 0 46 0 0 39 84 21 57 81 24 73 83 0 7 0 7 0 52 0 0 0 0 48 92 38 92 0 0 0 0 96 0 94 0 0 28 84 0 48 0 72 0 45 0 0 0 10 90 32 0 0 14 0 0 51 33 2 0 56 83 62 58 0 21 0 87 92 86 36 40 47 0 0 25 83 29 0 0 59 69 31 84 0 0 0 0 0 12 0 52 0 82 57 0 53 0 0 23 22 0 89 32 92 0 42 0 0 9 
89 71 0 1 87 1 0 0 55 77 48 0 0 46 16 37 0 0 24 0 69 0 41 12 90 36 0 0 0 20 0 0 0 46 5 20 0 0 15 0 49 16 67 69 0 0 0 0 99 0 15 54 0 0 46 93 69 0 55 60 0 0 47 96 0 0 0 86 25 52 25 0 86 0 58 0 0 37 58 0 0 98 0 0 47 76 0 25 46 0 0 0 66 0 0 67 0 95 57 0 100 0 29 99 0 5 64 91 0 17 0 25 39 0 27 0 0 22 60 10 
47 63 0 50 21 13 0 78 0 0 0 45 0 54 90 3 72 33 0 59 82 0 76 0 18 0 42 35 42 0 0 8 0 0 0 7 51 23 0 44 0 26 61 84 24 28 0 0 11 69 43 11 0 0 18 1 97 19 0 43 0 0 14 73 0 0 55 0 6 13 0 91 88 10 0 0 34 88 0 0 35 0 66 57 80 22 60 79 4 99 32 0 26 0 0 0 0 99 0 0 21 84 62 60 0 0 68 37 0 94 0 96 0 72 90 34 0 51 0 0 
65 41 0 53 0 4 28 70 73 0 19 0 69 64 0 0 0 62 0 77 48 68 94 33 0 8 0 19 38 13 20 0 35 4 42 0 0 0 36 15 3 0 82 15 19 84 99 11 0 0 36 23 35 0 68 34 40 0 42 0 39 20 71 0 65 23 60 0 0 0 0 60 0 0 0 0 0 0 74 0 0 5 0 0 0 21 0 17 0 0 40 0 15 12 92 28 0 0 0 85 0 53 0 10 0 0 37 0 74 60 32 47 63 66 66 81 75 61 88 32 
53 0 89 99 0 95 0 1 97 0 22 0 0 0 63 99 77 0 0 48 0 85 47 0 19 60 65 0 12 34 11 50 0 0 0 54 92 12 38 18 27 0 75 5 54 0 0 69 0 0 89 0 0 32 0 6 42 0 51 31 0 94 79 16 39 0 64 67 63 0 67 0 51 56 0 28 0 0 12 0 0 0 0 0 0 0 42 0 0 44 92 0 52 62 55 99 0 0 0 0 0 25 88 11 0 32 97 0 0 66 75 0 0 55 0 0 0 0 9 92 
87 46 92 0 0 0 0 0 0 46 0 0 0 71 0 0 0 0 0 0 0 21 0 13 0 0 31 0 93 38 0 0 43 28 0 27 0 0 0 2 0 0 0 4 33 48 15 43 36 89 0 69 54 0 0 0 0 0 0 0 39 72 4 0 88 0 38 16 24 47 80 52 74 0 0 0 0 2 0 4 71 78 55 23 0 0 58 0 0 10 0 0 77 0 0 0 82 0 0 44 78 42 0 0 75 20 6 54 0 0 92 66 41 31 0 82 25 76 11 100 
0 0 0 1 0 0 0 28 47 43 94 18 56 35 2 32 96 79 8 0 0 0 25 39 81 0 0 0 44 0 31 0 80 51 0 0 0 22 0 0 0 49 32 66 0 0 54 11 23 0 69 0 0 90 0 0 17 20 0 15 8 0 82 85 0 0 48 60 13 72 0 0 0 0 27 0 0 0 82 0 94 0 0 17 84 0 0 0 95 90 41 0 0 0 23 0 0 0 0 0 0 73 28 0 45 10 14 1 0 0 0 0 35 0 0 96 82 40 0 32 
0 0 89 63 81 0 64 0 7 56 31 7 77 94 7 71 0 58 95 22 39 45 0 35 0 0 89 13 80 0 0 0 21 16 14 44 88 4 0 0 0 58 93 0 3 72 0 0 35 0 54 0 0 0 24 0 26 63 0 20 2 0 29 0 50 61 15 15 48 0 23 25 53 72 0 53 73 38 0 0 0 67 12 0 0 95 0 0 0 35 0 99 0 6 77 13 0 7 64 100 14 6 0 35 3 58 0 3 55 69 25 82 8 0 0 0 0 0 39 40 
0 0 88 57 18 42 94 12 0 53 0 12 0 0 96 76 28 89 0 46 10 29 0 0 87 21 71 89 0 0 0 0 2 0 29 0 84 20 94 0 13 0 0 93 29 0 0 0 0 32 0 90 0 0 0 2 74 63 0 55 52 100 0 17 38 0 74 0 9 0 65 0 34 50 0 0 0 39 84 61 0 0 24 0 97 0 42 4 42 0 0 58 78 16 0 0 0 0 0 0 0 0 0 93 23 15 0 0 73 0 0 0 0 17 31 60 0 71 84 0 
0 0 0 0 0 35 45 0 23 0 50 17 63 0 0 24 56 0 76 0 85 40 0 87 0 0 0 0 0 56 86 33 0 25 66 0 51 0 0 45 0 0 0 62 0 45 46 18 68 0 0 0 24 0 0 32 0 77 24 8 38 16 84 95 0 0 0 0 0 0 27 57 51 23 46 63 18 0 35 0 50 60 0 0 98 7 63 69 11 0 78 100 76 46 90 36 34 45 87 0 0 61 0 0 55 79 0 9 64 0 27 0 3 0 29 9 88 0 32 0 
80 0 0 0 19 4 0 0 38 0 80 0 0 13 0 0 56 0 0 66 0 23 89 0 0 63 46 72 6 0 36 13 30 27 31 0 0 71 87 89 0 93 17 0 59 0 93 1 34 6 0 0 0 2 32 0 71 4 0 0 0 0 24 75 18 28 0 0 13 36 0 29 86 9 6 60 0 45 64 75 23 4 0 0 18 86 0 7 76 56 0 7 80 0 0 28 7 79 0 74 35 0 3 0 0 84 0 54 0 0 75 0 71 0 96 43 51 0 0 39 
0 94 21 0 0 44 63 0 79 34 0 59 60 0 63 26 0 0 0 40 60 0 46 83 0 21 0 0 0 0 27 0 0 56 38 68 0 45 34 0 21 46 72 0 0 0 69 97 40 42 0 17 26 74 0 71 0 54 55 0 0 28 71 80 93 69 0 0 62 0 20 0 33 37 0 0 73 0 18 30 36 49 68 19 25 7 93 38 0 33 73 0 67 56 0 14 0 53 91 89 0 46 0 0 33 0 0 46 0 77 46 0 85 99 68 47 10 0 0 0 
53 88 57 74 0 0 65 32 0 22 0 20 0 0 92 0 0 91 0 0 81 0 0 32 59 28 0 0 89 0 0 0 44 0 0 0 52 0 77 0 0 0 0 0 0 0 0 19 0 0 0 20 63 63 77 4 54 0 80 8 0 0 39 66 55 0 0 97 62 6 0 0 77 0 42 6 0 0 0 4 0 40 95 73 0 0 0 0 0 0 0 0 43 77 69 0 61 0 41 0 82 34 90 0 0 93 64 86 20 0 10 61 0 0 80 86 56 0 0 63 
48 0 0 86 0 89 0 75 48 14 56 0 78 88 0 77 29 98 0 24 0 5 84 27 34 0 69 64 23 14 0 87 0 38 65 0 46 79 0 96 94 0 46 31 83 10 55 0 42 51 0 0 0 0 24 0 55 80 0 31 73 8 6 52 0 0 91 40 60 0 0 82 0 0 78 0 100 0 73 8 21 0 78 0 0 0 71 0 0 0 51 17 53 0 71 97 71 0 99 12 0 0 88 0 94 13 67 15 52 0 0 55 0 0 0 0 0 0 29 23 
85 84 83 23 17 30 0 77 42 7 69 57 21 0 98 88 58 0 35 32 46 60 0 0 74 78 82 20 2 0 0 0 0 0 57 14 45 83 32 66 0 30 98 59 84 90 60 43 0 31 0 15 20 55 8 0 0 8 31 0 0 0 0 15 34 0 85 0 97 0 25 0 0 14 0 21 0 0 0 15 0 0 0 0 0 6 0 0 30 78 60 75 44 62 9 49 0 78 45 100 21 92 2 0 0 34 0 0 34 66 0 59 0 90 0 0 33 80 76 0 
17 79 0 0 0 18 0 0 64 52 0 0 83 71 63 0 0 0 0 0 0 0 12 0 9 27 0 100 9 42 50 0 23 20 0 47 0 20 27 0 70 12 38 0 0 32 0 0 39 0 39 8 2 52 38 0 0 0 73 0 0 0 0 0 0 10 0 0 0 96 37 95 0 0 75 65 20 58 47 24 81 82 0 59 7 0 0 0 77 1 64 88 0 0 0 0 36 0 11 73 0 0 0 13 61 0 55 0 4 0 45 54 0 58 0 56 0 0 25 13 
0 52 0 31 14 0 63 0 0 37 38 9 0 0 11 1 0 22 93 0 35 0 0 6 0 37 0 0 67 0 64 0 49 28 0 82 2 70 49 34 0 84 0 0 0 0 0 0 20 94 72 0 0 100 16 0 28 0 8 0 0 0 77 0 98 0 0 85 78 43 59 0 22 0 10 0 0 64 86 34 0 81 0 85 0 0 97 0 1 79 70 0 0 0 81 68 94 0 31 0 0 14 0 52 0 86 0 0 0 0 61 25 0 86 7 30 93 0 44 86 
9 71 0 80 13 51 0 78 62 0 17 0 37 0 86 97 74 0 0 100 98 0 40 0 0 0 0 0 27 80 0 53 0 56 10 87 0 0 97 0 88 58 0 58 51 0 47 14 71 79 4 82 29 0 84 24 71 39 6 0 0 77 0 0 78 0 23 0 79 39 52 0 70 3 41 0 0 36 4 70 22 48 100 0 45 0 56 0 79 12 26 49 0 0 69 0 0 0 0 0 0 70 47 99 0 88 6 0 10 0 23 0 0 71 0 0 26 0 27 0 
93 0 84 65 0 0 7 98 80 0 21 72 5 49 98 16 50 0 0 31 0 91 80 97 42 56 0 57 17 0 15 0 25 0 36 35 0 0 34 0 0 0 0 0 97 14 96 73 0 16 0 85 0 17 95 75 80 66 52 15 0 0 0 0 0 61 0 87 0 45 0 76 76 41 31 0 0 35 44 0 48 94 0 67 82 73 36 14 0 0 48 0 40 0 70 0 97 64 88 59 0 0 45 0 81 0 62 82 5 28 0 0 11 16 0 0 53 87 0 0 
67 0 51 13 0 29 94 0 22 0 12 0 43 35 37 74 0 68 0 0 89 99 17 0 100 99 85 0 0 4 30 37 0 89 0 17 0 44 0 0 52 0 75 13 0 0 0 0 65 39 88 0 50 38 0 18 93 55 0 34 0 98 78 0 0 84 0 51 42 0 7 83 36 32 71 0 0 42 59 0 0 36 84 0 0 49 0 95 0 0 70 11 0 0 0 95 48 0 0 64 44 0 0 0 4 0 0 0 0 100 93 0 58 0 44 66 0 0 38 86 
74 0 0 30 0 67 0 61 0 0 39 72 91 84 98 88 0 0 4 95 0 0 0 32 58 0 0 24 22 0 0 0 0 2 0 92 69 0 0 16 0 0 0 0 57 0 0 0 23 0 0 0 61 0 0 28 69 0 0 0 10 0 0 61 84 0 46 56 35 0 3 0 84 0 100 38 59 0 0 84 40 0 0 61 0 39 0 0 77 53 95 18 0 0 0 10 98 17 0 0 5 94 0 0 0 69 0 0 0 0 11 86 76 0 7 0 0 13 0 10 
0 0 0 58 0 0 0 0 77 41 0 0 0 31 25 7 0 51 0 91 0 0 84 27 0 82 0 0 0 0 76 25 35 0 80 0 0 0 29 86 30 0 78 80 0 51 0 55 60 64 38 48 15 74 0 0 0 0 91 85 0 0 23 0 0 46 0 0 52 7 0 29 19 0 76 0 0 70 0 54 9 0 0 58 63 8 0 0 0 95 0 0 0 0 96 84 29 13 1 32 73 21 0 0 100 0 0 56 0 0 49 36 0 0 0 0 14 98 0 29 
0 55 64 0 91 0 74 0 84 0 0 26 28 71 60 0 0 0 88 68 0 20 63 41 86 0 0 13 41 0 0 0 97 4 69 0 0 95 6 96 0 0 1 15 100 33 86 0 0 67 16 60 15 0 0 0 0 97 40 0 0 85 0 87 51 56 0 0 64 0 4 0 100 0 0 76 7 96 0 61 0 45 0 14 0 0 18 0 84 57 0 0 0 19 71 0 0 20 73 0 55 15 37 99 0 0 78 52 16 0 17 18 0 8 42 29 53 96 0 0 
97 46 0 41 21 0 0 94 59 76 13 0 92 10 0 0 52 0 83 31 0 42 78 0 96 19 10 19 0 0 0 0 33 0 0 75 0 80 7 0 94 0 77 53 0 2 25 6 0 63 24 13 48 9 0 13 62 62 60 97 0 78 79 0 42 35 52 64 0 18 22 80 3 0 0 0 63 0 76 0 0 80 28 0 4 0 0 41 0 0 0 88 100 0 96 72 4 0 0 1 24 0 15 0 3 0 23 0 77 76 7 0 60 0 5 27 95 0 28 0 
0 78 19 90 0 0 0 0 4 93 0 28 0 9 0 0 0 36 88 0 31 0 50 0 68 0 0 7 0 80 0 0 3 0 31 97 0 0 64 23 27 93 64 0 0 0 52 13 0 0 47 72 0 0 0 36 0 6 0 0 96 43 39 45 0 0 7 0 18 0 99 96 0 53 0 58 0 52 99 78 67 74 0 92 0 100 0 0 0 94 76 41 71 10 66 58 87 86 69 92 58 0 9 20 10 93 0 12 98 49 0 0 75 68 0 93 0 0 52 52 
0 0 28 12 52 0 100 0 0 24 79 87 0 13 11 0 22 0 0 52 90 0 0 0 47 0 0 0 39 0 0 0 47 38 62 0 31 0 36 0 68 37 99 0 0 56 25 0 0 67 80 0 23 65 27 0 20 0 0 25 37 59 52 0 7 3 0 4 22 99 0 0 90 17 0 0 0 0 0 73 80 0 0 74 94 13 0 64 0 0 0 0 64 0 79 0 94 70 0 11 0 52 0 84 15 0 11 47 97 0 13 0 0 0 1 0 0 34 0 30 
0 0 21 0 0 77 13 69 0 0 0 97 0 25 9 0 46 8 0 0 0 97 45 86 0 0 94 0 0 19 0 0 0 0 0 86 55 92 88 76 0 0 0 14 0 83 0 91 60 0 52 0 25 0 57 29 0 0 82 0 95 0 0 76 83 0 29 0 80 96 0 0 0 0 0 0 0 61 0 0 96 0 0 0 0 0 0 0 56 0 0 0 0 0 0 0 0 0 95 0 0 80 0 30 45 12 26 14 0 0 8 65 64 0 58 0 0 0 33 70 
0 41 97 0 16 94 98 0 10 0 0 0 0 3 0 97 24 47 0 0 55 60 33 0 0 0 39 75 0 46 39 0 0 0 0 20 83 0 0 100 55 0 0 84 77 62 86 88 0 51 74 0 53 34 51 86 33 77 0 0 0 22 70 76 36 84 19 100 3 0 90 0 0 16 0 0 99 46 82 21 55 0 63 15 55 0 0 0 37 28 0 94 97 0 0 81 0 31 96 21 0 0 0 0 0 74 0 0 72 0 0 45 4 0 0 87 54 37 62 97 
0 3 0 50 0 0 70 90 76 22 20 0 80 89 53 6 35 0 65 89 4 85 79 0 87 24 74 68 69 81 0 47 0 0 0 0 80 0 99 0 0 50 0 0 85 58 0 10 0 56 0 0 72 50 23 9 37 0 0 14 0 0 3 41 32 0 0 0 0 53 17 0 16 0 38 18 53 13 31 0 0 0 85 40 46 31 0 70 76 95 0 0 62 78 0 96 88 70 58 16 26 0 6 82 32 0 21 0 0 64 0 22 95 0 99 67 68 0 58 0 
0 0 0 0 0 0 0 78 57 0 0 85 79 0 0 0 0 72 3 62 0 97 73 20 0 0 0 73 0 88 25 34 36 29 35 63 31 35 0 0 0 0 0 10 0 0 58 0 0 0 0 27 0 0 46 6 0 42 78 0 75 10 41 31 71 100 76 0 0 0 0 0 0 38 0 0 50 0 99 58 57 41 83 0 22 28 45 0 18 67 61 0 0 0 0 7 0 11 63 63 61 0 44 0 0 0 0 62 0 0 71 7 0 83 0 0 0 87 0 0 
0 45 43 0 73 0 0 42 0 0 0 49 2 0 0 0 76 0 51 8 0 10 73 84 6 0 0 0 94 11 67 65 0 0 0 0 28 0 0 0 84 0 35 0 45 21 0 0 0 28 0 0 53 0 63 60 0 6 0 21 65 0 0 0 0 38 0 76 0 58 0 0 0 18 0 0 0 0 100 0 53 0 0 31 42 29 0 78 0 44 0 0 0 0 0 0 0 0 91 39 0 26 26 65 90 38 0 0 0 16 95 0 0 0 0 73 39 66 73 0 
0 2 0 0 90 0 0 30 76 0 5 19 0 0 48 3 54 0 94 58 0 72 20 0 0 0 61 81 72 35 15 0 32 0 92 0 0 2 13 0 39 0 0 10 0 0 0 34 0 0 0 0 73 0 18 0 73 0 100 0 20 0 0 0 0 59 0 7 63 0 0 0 99 53 50 0 0 7 40 10 0 34 0 0 0 0 79 37 61 36 0 0 77 68 0 28 0 0 93 0 56 17 86 74 0 18 72 21 0 0 0 72 62 0 0 8 0 34 0 0 
91 52 48 86 0 32 0 0 0 0 0 25 0 96 0 69 0 53 0 0 0 71 0 22 0 0 0 0 97 0 24 81 0 36 0 81 5 0 39 0 38 99 0 35 0 87 37 88 0 0 2 0 38 39 0 45 0 0 0 0 58 64 36 35 42 0 70 96 0 52 0 61 46 13 0 0 7 0 87 0 0 93 78 10 53 0 0 1 0 0 0 69 0 55 55 16 0 22 0 94 4 19 0 51 0 0 71 0 99 54 8 80 77 0 63 0 96 0 74 39 
0 0 58 57 14 0 0 88 59 27 25 0 57 93 0 0 0 68 0 88 55 46 0 11 0 56 49 70 85 0 39 95 57 59 84 4 64 0 0 0 0 40 52 53 99 92 58 0 74 12 0 82 0 84 35 64 18 0 73 0 47 86 4 44 59 0 0 0 76 99 0 0 82 31 99 100 40 87 0 32 0 91 0 0 92 37 89 0 0 0 0 99 0 0 98 0 0 26 0 53 17 0 68 48 45 0 0 24 0 61 0 0 0 71 0 75 51 22 47 0 
7 0 71 34 0 72 0 22 0 27 88 0 0 68 0 0 0 22 73 26 0 75 50 41 43 0 0 40 93 77 16 0 70 0 0 60 76 38 33 0 0 0 45 2 88 86 0 0 0 0 4 0 0 61 0 75 30 4 8 15 24 34 70 0 0 84 54 61 0 78 73 0 21 0 58 0 10 0 32 0 0 78 0 0 30 92 0 41 0 62 0 8 52 0 0 0 0 1 0 60 0 63 0 78 0 38 0 0 67 88 11 23 58 50 0 72 89 0 75 42 
0 99 0 91 36 96 28 0 0 18 14 11 0 55 10 0 0 73 0 21 0 91 93 0 0 27 0 95 0 0 43 66 38 0 0 19 50 0 0 0 60 0 0 0 9 36 0 35 0 0 71 94 0 0 50 23 36 0 21 0 81 0 22 48 0 40 9 0 0 67 80 96 55 0 57 53 0 0 0 0 0 99 0 0 73 44 0 99 92 24 0 17 0 77 99 18 69 90 72 0 28 0 0 8 0 30 82 62 0 0 40 0 78 0 94 0 0 58 52 0 
33 0 59 0 0 11 52 79 64 0 0 0 87 0 5 55 99 0 0 0 0 0 98 6 63 16 0 64 0 23 47 31 47 0 41 28 80 15 0 100 32 0 50 0 8 40 98 0 5 0 78 0 67 0 60 4 49 40 0 0 82 81 48 94 36 0 0 45 80 74 0 0 0 0 41 0 34 93 91 78 99 0 0 0 15 84 0 82 0 0 0 0 98 0 0 0 60 75 5 54 0 64 0 0 0 0 0 0 69 45 73 3 0 0 60 0 0 0 0 52 
4 46 90 0 9 0 20 23 84 27 0 31 0 9 88 51 0 0 86 0 40 0 58 35 47 0 98 2 11 36 0 35 0 36 0 7 11 44 24 0 90 8 33 15 0 47 0 66 0 0 55 0 12 24 0 0 68 95 78 0 0 0 100 0 84 0 0 0 28 0 0 0 63 85 83 0 0 78 0 0 0 0 0 62 2 33 70 13 93 0 0 100 0 0 98 82 0 0 0 7 97 49 0 99 56 75 0 13 0 63 74 0 0 0 0 0 29 96 29 71 
14 33 87 0 17 0 0 0 2 0 40 0 66 57 50 16 0 0 0 0 0 0 39 0 30 14 54 74 0 72 0 0 0 90 51 0 3 88 0 0 92 0 15 0 74 0 0 57 0 0 23 17 0 0 0 0 19 73 0 0 59 85 0 67 0 61 58 14 0 92 74 0 15 40 0 31 0 10 0 0 0 0 62 0 0 0 0 18 0 38 0 0 20 0 74 77 18 0 44 0 0 0 83 41 10 64 75 43 0 68 0 0 0 51 0 0 0 76 4 41 
0 0 0 0 87 92 46 0 42 0 0 0 0 0 0 23 62 89 0 58 0 0 92 97 33 0 53 63 36 83 3 27 0 29 7 0 86 0 0 0 48 19 17 42 0 0 47 80 0 0 0 84 0 97 98 18 25 0 0 0 7 0 45 82 0 0 63 0 4 0 94 0 55 46 22 42 0 53 92 30 73 15 2 0 0 29 89 17 0 38 82 80 0 6 0 0 0 0 51 0 6 80 6 0 92 6 82 25 98 0 57 0 5 0 63 0 65 96 35 7 
37 0 0 0 44 93 0 15 0 0 44 67 0 46 59 0 0 0 18 0 77 0 20 0 0 36 0 82 99 0 0 46 47 12 26 0 33 38 15 25 0 0 96 0 95 25 76 22 21 0 0 0 95 0 7 86 7 0 0 6 0 0 0 73 49 39 8 0 0 100 13 0 0 31 28 29 0 0 37 92 44 84 33 0 29 0 86 0 27 81 0 92 0 76 0 42 62 0 0 42 70 57 46 36 62 0 0 0 6 0 0 0 27 0 0 0 0 79 0 0 
48 58 48 88 0 0 0 0 0 0 74 0 71 0 0 33 0 0 0 0 0 0 0 87 56 16 0 0 0 0 12 50 0 58 7 76 79 0 85 3 100 61 0 0 0 83 0 60 0 42 58 0 0 42 63 0 93 0 71 0 0 97 56 36 0 0 0 18 0 0 0 0 0 0 45 0 79 0 89 0 0 0 70 0 89 86 0 0 38 0 0 0 75 93 67 0 42 74 6 80 64 36 16 46 55 95 0 0 0 0 100 38 0 13 0 51 30 18 0 87 
0 0 0 0 88 70 0 81 0 55 0 75 0 59 16 60 3 83 96 66 92 69 0 100 0 0 24 32 0 15 45 36 80 80 60 13 4 84 0 0 0 12 0 0 63 29 25 79 17 0 0 0 0 4 69 7 38 0 0 0 0 0 0 14 95 0 0 0 41 0 64 0 0 70 0 78 37 1 0 41 99 82 13 18 17 0 0 0 6 38 10 9 74 90 45 0 0 65 0 0 0 0 0 0 0 58 0 60 0 0 0 0 46 0 0 82 0 0 0 30 
0 0 92 0 64 58 0 0 14 0 68 27 6 35 0 0 0 0 67 0 0 88 0 0 0 0 93 0 0 41 65 32 0 28 98 0 64 87 0 0 72 0 87 99 59 0 46 4 0 0 0 95 0 42 11 76 0 0 0 30 77 1 79 0 0 77 0 84 0 0 0 56 37 76 18 0 61 0 0 0 92 0 93 0 0 27 38 6 0 78 3 62 0 60 38 0 66 0 62 0 0 0 0 76 0 86 0 0 24 66 6 35 31 0 97 55 0 91 0 68 
0 21 1 94 93 0 0 0 90 0 15 78 0 55 65 85 30 61 63 98 4 67 61 62 0 61 6 80 41 0 0 0 66 11 84 70 79 0 0 0 8 43 0 17 0 0 0 99 0 44 10 90 35 0 0 56 33 0 0 78 1 79 12 0 0 53 95 57 0 94 0 0 28 95 67 44 36 0 0 62 24 0 0 38 38 81 0 38 78 0 0 0 4 0 27 75 0 24 21 0 84 0 0 16 51 28 0 57 87 0 48 6 2 0 0 0 9 82 0 23 
62 6 95 0 64 91 23 0 0 0 47 0 0 0 73 0 0 88 0 0 48 5 27 0 0 0 0 31 0 0 0 45 37 0 14 100 0 0 0 19 5 49 0 30 0 59 0 32 40 92 0 41 0 0 78 0 73 0 51 60 64 70 26 48 70 95 0 0 0 76 0 0 0 0 61 0 0 0 0 0 0 0 0 0 82 0 0 10 3 0 0 0 51 0 0 0 0 0 49 0 0 92 84 0 44 0 90 42 0 19 0 0 0 83 17 92 0 0 0 85 
63 51 0 96 1 0 69 89 19 0 26 0 17 59 62 0 22 0 1 0 0 0 0 0 10 90 0 82 0 0 53 0 52 86 4 46 0 71 0 39 88 22 50 0 100 69 0 0 0 0 0 0 99 58 100 7 0 0 17 75 88 0 49 0 11 18 0 0 88 41 0 0 94 0 0 0 0 69 99 8 17 0 100 0 80 92 0 9 62 0 0 0 71 77 21 5 0 12 0 8 29 0 26 38 27 2 90 0 0 0 0 60 3 51 74 0 0 35 0 0 
4 71 0 37 0 3 0 76 28 45 0 0 42 0 43 0 4 67 43 0 0 52 0 69 52 73 0 0 0 90 0 0 57 0 81 51 95 87 61 79 29 0 75 95 0 31 66 26 15 52 77 0 0 78 76 80 67 43 53 44 0 0 0 40 0 0 0 0 100 71 64 0 97 62 0 0 77 0 0 52 0 98 0 20 0 0 75 74 0 4 51 71 0 53 60 0 42 46 24 0 0 0 75 58 0 3 13 98 0 11 53 0 0 44 0 15 0 0 72 9 
77 60 0 17 0 96 67 0 43 85 0 6 14 0 0 55 21 63 13 0 0 94 46 25 11 53 0 90 78 0 0 9 80 29 0 0 20 0 85 0 17 0 0 99 56 84 0 0 12 62 0 0 6 16 46 0 56 77 0 62 0 0 0 0 0 0 0 19 0 10 0 0 0 78 0 0 68 55 0 0 77 0 0 0 6 76 93 90 60 0 0 77 53 0 99 92 23 65 86 69 3 0 0 29 0 0 0 30 84 59 2 0 0 0 0 51 39 0 18 8 
0 0 0 0 69 0 92 65 3 0 81 0 48 65 0 80 0 61 26 96 0 0 29 23 68 67 24 67 55 0 66 0 70 52 0 0 67 50 19 0 57 0 95 5 22 0 0 0 92 55 0 23 77 0 90 0 0 69 71 9 0 81 69 70 0 0 96 71 96 66 79 0 0 0 0 0 0 55 98 0 99 0 98 74 0 0 67 45 38 27 0 21 60 99 0 0 0 0 0 27 40 9 58 47 0 0 0 78 0 93 0 0 0 0 0 43 78 87 50 74 
0 74 0 0 0 0 88 97 0 0 54 46 0 0 80 0 29 22 13 29 0 79 100 28 80 59 0 0 7 0 65 0 34 0 82 41 0 83 0 0 0 0 30 58 0 0 67 0 28 99 0 0 13 0 36 28 14 0 97 49 0 68 0 0 95 10 84 0 72 58 0 0 81 96 7 0 28 16 0 0 18 0 82 77 0 42 0 0 0 75 0 5 0 92 0 0 91 77 0 0 84 17 17 36 79 0 0 0 52 17 32 8 92 45 95 14 83 0 0 0 
61 0 0 0 10 0 100 0 81 0 0 0 0 24 10 11 2 3 15 0 0 0 23 61 0 0 0 87 0 18 0 84 0 89 0 21 32 52 65 0 0 42 0 0 0 0 0 0 0 0 82 0 0 0 34 7 0 61 71 0 36 94 0 97 48 98 29 0 4 87 94 0 0 88 0 0 0 0 0 0 69 60 0 18 0 62 42 0 66 0 0 0 42 23 0 91 0 97 0 0 0 1 20 89 0 0 49 59 0 49 0 0 0 12 87 0 88 62 98 0 
63 7 96 0 0 0 27 32 0 0 0 0 63 0 67 0 66 80 28 0 23 16 54 81 0 60 0 68 24 91 49 5 99 0 0 41 0 88 0 34 0 0 0 0 55 0 95 99 0 0 0 0 7 0 45 79 53 0 0 78 0 0 0 64 0 17 13 20 0 86 70 0 31 70 11 0 0 22 26 1 90 75 0 0 0 0 74 65 0 24 0 12 46 65 0 77 97 0 29 25 0 79 0 2 32 0 0 25 0 67 0 49 0 0 42 9 55 41 0 88 
53 41 72 0 53 55 31 0 0 45 0 0 0 0 97 91 0 0 0 0 30 14 67 0 0 53 67 63 54 18 98 65 0 0 4 0 11 0 100 49 0 45 63 0 43 0 57 0 0 0 0 0 64 0 87 0 91 41 99 45 11 31 0 88 0 0 1 73 0 69 0 95 96 58 63 91 93 0 0 0 72 5 0 44 51 0 6 0 62 21 49 0 24 86 0 0 0 29 0 0 59 16 40 0 56 64 0 0 79 0 24 0 12 31 11 4 0 58 0 0 
0 8 8 0 0 92 92 79 97 0 15 76 0 27 0 77 55 69 87 13 40 0 0 39 88 89 0 12 67 30 0 0 29 48 13 17 0 8 11 0 16 0 60 0 0 12 0 0 85 0 44 0 100 0 0 74 89 0 12 100 73 0 0 59 64 0 32 0 1 92 11 0 21 16 63 39 0 94 53 60 0 54 7 0 0 42 80 0 0 0 0 8 0 69 27 0 0 25 0 0 28 6 51 0 0 0 77 62 0 18 0 0 0 64 85 0 7 0 0 0 
21 0 0 0 0 0 52 25 74 0 55 0 0 0 48 0 94 72 0 97 0 51 0 49 42 74 0 0 61 0 12 0 0 59 0 0 0 51 0 19 82 47 69 24 29 0 100 21 0 0 78 0 14 0 0 35 0 82 0 21 0 0 0 0 44 5 73 55 24 58 0 0 0 26 61 0 56 4 17 0 28 0 97 0 6 70 64 0 0 84 0 29 0 3 40 84 0 0 59 28 0 2 0 30 0 25 6 29 9 0 0 46 0 0 0 78 38 0 74 12 
0 59 43 0 75 0 0 0 98 0 2 0 81 0 93 0 0 54 0 0 0 0 0 0 0 53 48 4 0 0 0 0 0 0 22 39 29 0 0 0 38 18 0 0 0 52 0 84 53 25 42 73 6 0 61 0 46 34 0 92 0 14 70 0 0 94 21 15 0 0 52 80 0 0 0 26 17 19 0 63 0 64 49 0 80 57 36 0 0 0 92 0 0 0 9 17 1 79 16 6 2 0 7 81 0 0 0 0 45 43 0 0 58 79 0 0 0 22 37 63 
4 0 0 35 0 80 81 25 0 61 29 70 41 0 53 64 23 0 0 0 39 49 0 41 62 0 19 0 0 0 0 14 96 42 0 3 0 45 0 0 71 32 0 62 34 0 29 62 0 88 0 28 0 0 0 3 0 90 88 2 0 0 47 45 0 0 0 37 15 9 0 0 0 6 44 26 86 0 68 0 0 0 0 83 6 46 16 0 0 0 84 26 75 0 58 17 20 0 40 51 0 7 0 0 96 0 0 0 72 15 62 0 0 22 60 48 0 83 0 14 
0 0 0 88 71 78 83 98 0 31 59 0 18 89 2 44 81 9 40 0 72 14 0 80 27 0 69 60 0 16 0 56 59 96 0 85 16 5 13 5 97 0 87 0 69 82 99 60 10 11 0 0 35 93 0 0 0 0 0 0 13 52 99 0 0 0 0 99 0 20 84 30 0 82 0 65 74 51 48 78 8 0 99 41 0 36 46 0 76 16 0 38 58 29 47 36 89 2 0 0 30 81 0 0 15 36 56 12 97 0 27 4 60 26 0 0 0 79 72 2 
93 47 0 0 35 0 0 36 0 0 0 30 77 95 32 82 0 0 94 49 13 75 3 86 0 67 0 4 0 0 0 0 0 35 95 0 73 46 9 81 0 28 0 67 57 57 0 0 0 0 75 45 3 23 55 0 33 0 94 0 61 0 0 81 4 0 100 0 3 10 15 45 0 32 0 90 0 0 45 0 0 0 56 10 92 62 55 0 0 51 44 27 0 0 0 79 0 32 56 0 0 0 96 15 0 0 3 6 43 95 68 0 69 0 31 94 10 16 0 44 
73 0 100 0 0 45 0 73 0 8 3 0 0 0 0 47 100 100 11 72 0 0 75 99 0 44 31 0 0 56 86 0 0 0 5 80 15 0 35 13 0 0 56 0 0 0 5 0 0 32 20 10 58 15 79 84 0 93 13 34 0 86 88 0 0 69 0 0 0 93 0 12 74 0 0 38 18 0 0 38 30 0 75 64 6 0 95 58 86 28 0 2 3 0 0 0 0 0 64 0 25 0 0 36 0 0 28 48 93 0 0 0 91 71 70 0 0 0 91 14 
28 13 44 30 0 46 0 0 0 8 31 48 62 45 76 88 15 13 22 98 0 4 34 62 17 0 5 65 0 0 25 41 13 0 78 0 13 4 65 0 0 0 0 0 0 53 64 68 37 97 6 14 0 0 0 0 0 64 67 0 55 0 6 62 0 0 0 78 23 0 11 26 0 21 0 0 72 71 0 0 82 0 0 75 82 0 0 0 0 0 90 90 13 0 0 0 49 0 0 77 6 0 0 56 3 28 0 16 0 0 31 16 88 0 0 0 95 0 50 0 
0 63 0 99 40 99 77 67 21 0 12 0 0 0 0 0 0 78 36 0 0 80 0 0 0 38 2 75 0 0 0 72 52 10 59 0 23 0 3 78 56 0 0 55 0 0 91 37 0 0 54 1 3 0 9 54 46 86 15 0 0 0 0 82 0 0 56 52 0 12 47 14 0 0 62 0 21 0 24 0 62 0 13 43 25 0 0 60 0 57 42 0 98 30 78 0 59 25 0 62 29 0 0 12 6 48 16 0 0 0 0 40 0 100 0 11 0 0 58 48 
0 66 90 0 0 49 11 52 0 15 0 87 0 0 20 0 0 0 0 28 0 0 0 84 0 0 29 32 53 4 0 0 41 0 0 14 0 54 9 80 0 0 3 3 0 0 0 0 74 0 0 0 55 73 64 0 0 20 52 34 4 0 10 5 0 0 0 16 77 98 97 0 72 0 0 0 0 99 0 67 0 69 0 0 98 6 0 0 24 87 0 0 0 84 0 52 0 0 79 0 9 45 72 97 43 93 0 0 0 0 0 97 96 50 91 0 98 4 29 96 
49 59 50 51 0 92 0 0 1 75 0 20 96 29 0 57 0 17 0 12 0 77 0 42 0 10 0 28 0 0 77 70 0 82 0 0 0 15 0 0 0 0 0 92 0 23 17 94 60 66 0 0 69 0 0 0 77 0 0 66 0 0 0 28 100 0 0 0 76 49 0 0 0 64 0 16 0 54 61 88 0 45 63 68 0 0 0 0 66 0 19 0 11 59 93 17 49 67 0 18 0 43 15 0 95 0 0 0 0 0 0 0 83 0 55 67 4 0 0 0 
0 0 100 0 69 82 15 0 53 79 0 66 0 0 70 0 97 76 89 4 0 10 60 94 28 52 81 0 0 57 55 65 0 0 0 79 72 70 74 46 67 6 32 0 53 22 0 0 32 75 92 0 25 0 27 75 46 10 0 0 45 61 23 0 93 11 49 17 7 0 13 8 0 0 71 95 0 8 0 11 40 73 74 0 57 0 100 0 6 48 0 0 53 2 0 32 0 0 24 0 0 0 62 27 68 0 31 0 0 0 0 79 46 0 0 92 62 63 0 62 
0 48 0 0 0 45 0 45 66 95 25 0 0 0 0 0 84 90 0 5 0 8 0 85 0 67 6 86 44 16 0 0 46 94 14 0 27 0 36 0 0 47 0 81 44 0 25 96 47 0 66 0 82 0 0 0 0 61 55 59 54 25 0 0 0 86 36 18 0 0 0 65 45 22 7 0 72 80 0 23 0 3 0 0 0 0 38 0 35 6 0 60 0 0 0 8 0 49 0 0 46 0 0 4 0 0 16 40 97 0 79 0 78 0 0 66 87 82 22 17 
67 35 67 0 19 0 33 4 93 76 0 0 66 0 3 24 0 95 96 34 0 0 0 0 0 34 0 80 0 3 42 12 86 74 66 0 0 0 40 0 0 100 92 65 0 89 39 0 63 0 41 35 8 0 3 71 85 0 0 0 0 0 0 11 58 76 0 0 60 75 0 64 4 95 0 0 62 77 0 58 78 0 0 0 5 27 0 46 31 2 0 3 0 0 0 92 0 0 12 0 0 58 0 60 69 91 88 0 96 83 46 78 0 0 48 7 0 0 0 58 
0 0 0 41 92 0 56 0 39 0 0 24 53 0 0 0 84 0 0 67 0 95 21 0 73 17 33 0 0 50 33 0 0 86 0 80 49 50 0 31 0 0 5 0 3 32 0 72 66 55 31 0 0 17 0 0 99 0 0 90 58 86 71 16 0 0 0 8 0 68 0 0 0 0 83 0 0 0 71 50 0 0 0 51 0 0 13 0 0 0 83 51 44 0 0 45 12 0 31 64 0 79 22 26 0 71 0 100 50 0 0 0 0 0 0 61 0 85 22 44 
33 96 56 82 0 0 73 0 0 71 0 9 56 0 48 67 0 69 0 61 86 0 0 0 0 0 34 0 93 0 3 95 54 0 0 0 37 0 0 0 0 15 58 27 0 92 27 90 66 0 0 0 0 31 29 96 68 80 0 0 0 7 0 0 44 7 0 42 5 0 1 58 0 99 0 0 0 63 0 0 94 60 0 0 63 0 0 0 97 0 17 74 0 0 0 95 87 42 11 85 0 0 60 0 31 70 0 0 91 55 0 0 48 0 0 15 0 0 0 61 
8 0 0 2 88 31 56 0 63 81 0 0 77 60 0 0 0 0 97 52 0 61 79 0 0 29 0 0 0 62 42 0 0 0 0 0 40 71 1 0 0 0 35 98 0 0 0 34 81 0 82 96 0 60 9 43 47 86 0 0 56 30 0 0 66 0 0 29 27 93 0 0 87 67 0 73 8 0 75 72 0 0 0 0 0 0 51 82 55 0 92 0 15 51 43 14 0 9 4 0 78 0 48 0 94 0 0 11 0 67 92 66 7 61 15 0 0 66 0 0 
68 38 64 0 76 76 3 4 0 77 0 0 0 0 44 82 53 90 100 48 62 3 0 44 0 0 0 0 44 51 92 92 1 93 96 0 5 51 0 53 0 0 0 23 0 42 0 0 75 0 25 82 0 0 88 51 10 56 0 33 0 93 26 53 0 0 14 53 95 0 0 0 54 68 0 39 0 96 51 89 0 0 29 0 65 0 30 0 0 9 0 0 0 39 78 83 88 55 0 7 38 0 0 0 10 0 95 0 98 4 62 87 0 0 0 0 0 0 51 0 
19 76 61 0 0 29 0 90 69 67 25 0 46 37 22 0 42 0 23 0 17 0 84 66 81 31 0 0 76 18 0 80 89 0 0 69 31 42 0 38 56 0 43 0 45 0 22 51 61 0 76 40 0 71 0 0 0 0 0 80 0 0 0 87 0 13 98 96 0 0 34 0 37 0 87 66 34 0 22 0 58 0 96 76 96 79 18 0 91 82 0 35 0 0 87 0 62 41 58 0 0 22 83 79 16 0 0 0 4 0 63 82 0 85 0 66 0 0 53 0 
32 14 87 63 38 67 90 0 0 92 9 38 20 0 1 74 0 98 41 32 69 0 60 59 73 0 0 0 0 14 52 0 44 0 0 5 64 64 76 56 0 0 45 0 0 0 60 0 88 9 11 0 39 84 32 0 0 0 29 76 25 44 27 0 38 0 0 0 28 52 0 33 62 58 0 73 0 74 47 75 52 0 29 4 35 0 0 0 0 0 0 0 72 18 50 0 98 0 0 0 74 37 0 72 0 91 50 58 29 0 0 22 0 22 0 0 51 53 0 91 
58 0 100 15 0 0 37 0 70 4 0 91 14 69 0 54 0 0 9 0 0 0 35 82 29 29 78 93 92 52 16 0 0 0 0 0 0 17 92 69 60 0 12 70 0 9 10 0 32 92 100 32 40 0 0 39 0 63 23 0 13 86 0 0 86 10 29 0 0 52 30 70 97 0 0 0 0 39 0 42 0 52 71 41 7 0 87 30 68 23 85 0 9 8 74 0 0 88 0 0 12 63 14 2 44 14 0 48 96 0 62 17 58 44 61 0 0 0 91 0 
