150 27
0 0 92 0 82 85 0 13 0 0 65 95 36 84 31 87 0 0 41 0 39 66 7 13 0 72 0 58 79 8 2 65 0 33 95 0 78 0 38 80 0 16 75 84 12 31 48 80 67 0 40 96 0 85 45 77 0 0 88 66 35 85 0 0 100 54 99 6 59 40 80 89 72 0 0 24 62 82 64 0 4 3 45 0 0 21 72 85 30 80 69 25 58 97 73 97 25 71 84 0 8 9 0 28 67 51 0 95 2 0 61 19 80 6 3 1 100 89 46 5 68 74 21 30 52 49 26 44 7 96 5 28 100 94 1 39 45 94 94 50 59 8 6 79 71 0 25 69 41 21 
0 0 0 6 24 0 0 73 98 0 1 70 18 99 66 97 67 0 46 0 74 21 54 69 32 8 87 13 0 31 47 35 0 80 85 0 42 0 17 19 0 29 16 41 7 26 51 96 23 31 0 45 87 60 4 63 61 48 60 0 0 0 87 0 63 42 0 23 0 78 62 79 78 27 32 33 0 77 3 0 40 8 96 100 32 49 9 30 36 0 37 59 0 60 44 0 66 51 82 76 89 33 0 2 0 14 18 68 88 80 100 45 89 0 91 20 99 72 0 8 51 0 47 23 97 0 71 69 1 41 75 0 38 87 6 12 47 71 71 69 85 81 95 91 79 76 0 19 1 0 
92 0 0 12 0 73 51 94 69 45 99 0 37 54 73 41 0 0 67 26 30 7 0 43 0 0 40 19 75 32 42 93 0 22 20 48 48 68 30 57 32 0 82 0 51 21 92 0 0 5 96 79 0 3 43 11 26 86 41 95 0 31 82 59 66 16 35 31 0 58 0 88 93 86 0 0 96 0 47 55 89 47 11 45 60 72 72 94 85 0 62 7 73 100 99 35 0 0 53 97 75 19 51 72 0 45 65 0 99 64 0 17 46 6 6 0 66 91 0 35 80 8 48 45 98 74 64 1 80 0 95 5 97 34 28 0 77 57 59 26 96 62 87 59 85 10 0 68 59 77 
0 6 12 0 55 0 0 0 13 33 0 0 53 45 36 0 36 57 0 69 43 28 0 0 73 64 22 97 59 0 45 0 45 0 94 16 58 66 0 29 18 49 77 4 0 49 3 72 59 69 59 99 43 67 87 77 77 82 0 0 14 56 43 13 80 57 20 84 0 22 83 50 13 9 39 74 48 38 100 25 46 0 51 15 89 86 63 87 63 37 0 86 0 54 0 84 37 27 73 40 25 0 75 0 79 80 47 100 73 67 33 0 63 79 54 97 2 99 65 48 0 40 80 0 0 44 0 0 47 77 20 63 20 41 0 49 0 0 49 7 69 0 15 40 9 69 0 0 70 42 
82 24 0 55 0 84 8 0 0 6 64 52 0 30 0 0 90 10 27 0 30 0 43 62 63 74 96 2 13 34 61 81 35 27 0 29 18 0 24 0 77 0 43 94 59 0 22 69 7 65 89 0 2 50 81 50 85 33 63 0 61 5 21 0 82 60 61 0 16 3 0 61 33 47 88 44 0 66 15 20 54 54 43 99 0 77 59 62 0 13 9 46 11 78 0 36 27 54 0 32 33 34 59 67 56 34 33 10 97 78 94 40 0 0 92 47 0 4 54 0 49 2 0 48 94 43 0 59 0 26 28 44 34 0 0 0 2 0 0 54 28 0 11 0 88 50 71 75 87 68 
85 0 73 0 84 0 0 42 66 95 24 0 98 71 30 61 56 81 18 30 0 0 66 93 0 25 86 87 4 31 12 22 0 75 20 83 0 67 44 22 80 0 0 0 96 0 72 57 0 14 59 77 86 64 0 83 33 0 68 72 10 91 64 87 85 0 0 30 43 0 30 48 72 0 0 5 0 36 57 89 78 13 63 0 47 58 2 14 49 0 0 0 0 0 97 98 58 4 60 36 22 0 80 81 39 65 95 4 40 40 0 66 23 92 23 98 87 22 93 13 23 77 31 0 85 80 71 84 61 93 0 65 0 42 44 44 66 52 75 89 0 22 50 74 75 31 67 92 24 21 
0 0 51 0 8 0 0 22 74 0 28 40 69 2 0 83 52 32 0 14 14 56 0 0 55 92 0 65 34 0 73 0 4 24 55 99 38 33 52 0 0 97 75 94 0 39 43 0 91 33 0 4 78 67 0 71 0 0 0 67 86 13 37 22 0 0 0 25 67 99 18 2 3 26 72 95 59 15 29 0 16 72 53 28 61 0 94 52 0 78 0 64 29 74 15 16 28 8 13 27 77 24 66 74 72 59 3 15 0 22 100 0 73 30 65 24 45 5 7 73 21 78 84 58 3 5 91 53 52 64 0 74 67 55 57 33 28 98 79 19 0 12 0 0 91 86 39 30 0 49 
13 73 94 0 0 42 22 0 42 96 17 0 82 0 4 42 100 40 49 69 5 55 0 93 61 61 92 81 0 28 100 54 69 54 35 0 19 23 0 99 1 0 22 98 63 85 0 0 82 67 33 0 5 72 0 9 33 44 84 0 55 19 2 16 0 20 25 70 27 0 34 19 0 90 56 28 31 89 62 8 0 0 0 35 39 73 88 0 0 0 62 14 98 45 0 98 0 5 38 0 83 0 47 99 59 94 53 0 28 51 9 0 1 21 0 10 65 0 58 0 87 0 26 71 65 34 85 0 74 66 24 0 0 25 80 0 6 0 83 52 96 0 66 69 6 31 10 0 24 98 
0 98 69 13 0 66 74 42 0 27 68 97 58 11 0 27 1 98 16 43 3 0 29 22 75 75 68 0 67 92 45 91 68 53 96 90 0 2 0 0 94 25 73 76 60 0 96 31 55 0 95 72 17 0 32 0 42 83 0 0 5 81 0 66 44 3 70 36 99 13 97 16 0 87 8 0 43 81 93 81 70 0 40 31 36 0 69 18 89 0 73 83 37 0 83 0 33 0 8 93 97 99 90 54 0 48 75 20 96 5 86 0 0 0 62 4 0 14 87 96 85 12 0 47 0 53 62 57 74 0 0 51 74 63 44 86 18 0 0 0 22 44 50 81 0 7 90 67 0 74 
0 0 45 33 6 95 0 96 27 0 52 0 99 61 95 28 57 0 33 0 54 0 52 59 82 0 68 74 17 0 69 95 66 26 0 5 44 0 0 98 35 0 0 91 19 0 0 23 60 0 3 14 0 71 27 49 89 66 83 24 83 0 46 19 29 0 0 0 42 96 21 72 77 40 1 89 59 64 0 8 0 0 82 62 6 0 77 50 57 0 73 0 89 79 0 0 27 98 86 30 42 0 76 0 74 2 0 85 43 39 0 0 76 51 17 81 27 0 0 30 57 65 57 26 85 0 6 62 69 0 19 100 55 50 86 79 99 39 28 13 84 20 12 67 40 0 70 24 54 28 
65 1 99 0 64 24 28 17 68 52 0 0 39 64 81 72 33 84 90 90 0 0 50 8 0 89 63 0 5 100 0 43 0 0 0 95 0 42 87 0 0 8 24 93 95 39 19 90 0 37 0 92 97 1 0 0 56 56 90 31 0 47 44 84 0 55 14 12 66 0 34 61 33 0 0 56 0 63 37 77 0 7 53 51 44 96 59 7 0 86 0 19 43 0 5 43 78 24 44 84 99 63 34 0 59 47 42 66 83 21 78 0 86 0 98 96 71 0 74 0 69 70 64 8 98 97 68 32 93 0 24 0 73 43 10 21 45 86 0 4 50 0 100 10 91 32 11 0 46 0 
95 70 0 0 52 0 40 0 97 0 0 0 43 23 0 69 0 2 21 22 17 13 0 100 19 17 96 53 7 57 0 0 63 84 33 32 20 30 0 0 54 0 8 0 73 80 17 32 91 0 81 49 78 90 0 6 0 49 43 59 0 0 37 28 85 19 13 72 89 0 43 21 79 82 70 9 22 60 48 0 81 86 12 76 74 0 13 0 100 0 72 67 0 28 35 0 96 93 15 13 0 65 28 46 67 0 27 31 42 25 62 40 18 44 46 81 97 58 17 26 0 33 0 91 99 0 30 23 0 9 72 0 100 75 45 29 22 53 96 4 11 6 82 0 11 58 11 79 55 60 
36 18 37 53 0 98 69 82 58 99 39 43 0 75 30 76 0 48 12 0 41 64 77 79 14 8 12 22 86 60 54 19 36 87 55 0 93 52 96 26 41 18 95 56 67 78 10 7 85 56 0 59 0 68 5 0 62 63 6 18 96 71 8 66 0 54 23 0 0 5 88 81 87 74 29 88 71 28 0 7 68 0 77 73 0 0 27 57 0 82 72 80 87 0 0 0 57 0 0 84 52 3 0 0 0 0 94 41 5 20 12 69 5 100 0 52 0 21 2 50 0 65 65 76 8 0 79 20 92 15 55 71 50 50 95 0 0 0 28 63 1 15 67 85 63 0 59 0 4 20 
84 99 54 45 30 71 2 0 11 61 64 23 75 0 19 92 30 85 83 0 61 0 81 0 12 0 64 63 0 5 0 61 77 3 0 72 0 91 43 0 0 24 99 45 45 22 8 8 49 21 0 0 49 0 26 4 0 71 0 64 72 10 77 13 13 0 76 0 16 0 7 55 57 0 12 0 0 12 83 10 74 0 29 0 64 0 55 92 0 7 52 43 6 42 43 51 64 23 90 68 61 0 63 72 0 63 40 39 56 12 44 86 69 59 54 0 0 8 78 93 73 56 2 63 69 7 21 13 68 0 26 12 94 12 0 36 0 11 42 96 84 89 43 62 88 34 65 0 0 43 
31 66 73 36 0 30 0 4 0 95 81 0 30 19 0 12 0 0 16 10 4 56 37 0 99 99 98 0 0 61 0 80 77 0 38 0 41 0 1 88 61 17 0 0 72 2 25 26 41 17 15 33 0 54 87 45 74 8 75 90 41 91 0 72 40 90 43 68 0 83 0 65 0 36 0 97 63 70 39 0 20 0 5 49 64 59 58 65 71 57 58 46 0 0 0 30 24 0 87 12 32 0 0 0 8 49 0 77 0 35 80 0 97 20 71 43 68 88 0 21 0 20 50 12 0 62 0 17 34 84 6 0 0 57 86 5 55 29 45 75 54 53 40 57 97 50 0 25 43 63 
87 97 41 0 0 61 83 42 27 28 72 69 76 92 12 0 8 7 54 1 47 37 97 74 41 67 88 20 17 78 28 48 55 71 38 0 7 62 59 37 70 13 31 93 67 68 63 22 43 80 16 0 0 26 71 28 0 0 70 80 23 33 37 0 14 75 8 65 94 5 65 0 93 0 17 13 14 6 0 26 10 22 0 0 15 0 84 34 27 73 1 100 0 94 86 54 0 54 28 36 23 32 74 0 59 5 7 39 48 96 51 52 21 67 95 0 55 59 7 0 10 0 39 0 73 0 81 14 57 81 95 19 0 0 53 22 0 87 0 30 64 41 72 0 43 82 22 5 0 85 
0 67 0 36 90 56 52 100 1 57 33 0 0 30 0 8 0 30 74 0 2 56 50 27 4 13 0 92 68 47 92 0 62 32 48 0 11 0 63 54 0 18 0 29 33 11 1 0 0 3 44 0 99 46 100 65 45 78 98 61 0 86 65 82 0 43 82 5 30 0 18 55 25 46 12 0 0 63 56 0 51 0 0 94 42 71 45 22 13 84 0 54 36 36 90 17 5 98 73 33 72 96 85 0 3 0 0 28 0 20 13 2 0 94 65 0 30 48 54 74 20 33 70 68 0 92 74 0 7 27 28 0 6 51 81 63 49 36 0 40 47 17 5 0 80 60 0 0 87 0 
0 0 0 57 10 81 32 40 98 0 84 2 48 85 0 7 30 0 80 89 0 51 79 0 93 71 14 16 13 93 21 9 86 17 0 0 0 51 78 100 64 66 21 0 0 36 26 88 20 90 90 87 65 92 86 31 67 27 59 90 71 75 0 18 19 0 25 93 0 58 71 91 100 83 32 90 31 0 16 0 55 31 76 19 0 69 60 0 0 1 100 0 82 56 0 0 25 60 32 11 38 36 0 37 97 43 31 50 3 0 75 0 13 7 10 67 0 63 30 72 70 68 0 19 89 0 0 0 38 0 89 36 88 35 0 0 14 45 0 52 61 33 4 0 20 0 81 42 12 0 
41 46 67 0 27 18 0 49 16 33 90 21 12 83 16 54 74 80 0 70 29 81 49 45 0 55 0 0 46 94 0 93 63 98 62 91 81 64 3 0 79 51 45 93 56 95 54 42 2 0 51 71 60 67 100 29 75 80 49 46 52 84 38 87 14 58 79 0 37 100 97 56 48 0 0 70 6 41 7 0 0 0 15 1 0 33 71 54 100 78 0 8 0 9 75 29 59 0 74 69 79 99 0 79 71 83 0 92 0 6 30 87 81 1 78 81 10 39 0 77 0 85 39 22 35 0 60 46 28 32 34 66 0 97 0 33 0 0 0 0 41 14 0 100 23 58 64 63 59 0 
0 0 26 69 0 30 14 69 43 0 90 22 0 0 10 1 0 89 70 0 81 0 8 59 94 26 48 22 84 61 72 39 94 0 76 7 10 25 46 0 56 0 77 63 29 67 45 29 91 35 14 0 65 57 0 37 6 53 66 40 3 94 73 33 0 0 18 46 0 0 3 55 45 31 0 8 18 62 65 47 12 87 27 0 35 35 61 0 25 48 8 45 18 0 0 100 52 24 0 32 61 0 0 76 3 89 17 6 15 9 34 19 0 0 45 32 6 87 81 99 89 25 46 13 0 93 11 17 94 41 46 0 42 0 62 45 0 66 16 0 0 98 58 0 54 65 27 28 16 94 
39 74 30 43 30 0 14 5 3 54 0 17 41 61 4 47 2 0 29 81 0 88 16 0 35 40 0 96 83 2 38 16 20 90 59 0 72 34 29 0 0 5 7 26 16 100 71 49 49 96 93 69 0 9 35 79 0 11 14 23 14 86 58 69 2 56 0 6 86 84 0 92 0 0 95 27 50 40 25 85 93 0 18 0 69 88 58 26 52 0 34 5 57 0 44 64 93 12 89 65 3 62 0 94 0 59 0 0 0 0 1 43 91 34 40 3 81 49 26 42 61 26 78 90 0 61 0 72 11 41 0 0 87 82 55 99 43 27 0 100 28 0 0 43 47 0 95 90 29 65 
66 21 7 28 0 0 56 55 0 0 0 13 64 0 56 37 56 51 81 0 88 0 25 0 0 86 78 58 41 0 58 0 35 9 41 21 0 18 0 45 0 66 70 93 18 0 82 92 79 0 0 20 96 68 0 91 93 26 5 0 79 0 27 77 69 0 78 0 64 35 43 80 12 83 40 0 31 0 88 64 41 90 14 73 100 48 0 56 81 0 30 72 0 13 9 37 99 55 8 60 45 0 67 0 1 10 96 12 3 0 58 4 60 93 84 90 65 0 16 22 59 82 47 0 71 47 0 91 67 99 40 0 30 71 80 99 19 42 53 0 33 23 0 0 36 46 0 64 41 30 
7 54 0 0 43 66 0 0 29 52 50 0 77 81 37 97 50 79 49 8 16 25 0 19 22 0 74 13 41 26 0 67 0 91 55 98 89 45 42 29 83 0 94 100 20 46 20 71 89 74 0 91 52 0 43 0 61 36 54 0 0 66 66 0 4 17 84 0 0 52 23 22 70 40 27 6 86 0 11 0 40 61 0 11 35 87 50 64 82 22 0 81 0 43 25 87 19 35 64 95 12 0 73 54 9 70 0 88 3 94 53 98 0 0 91 0 0 39 44 81 0 0 61 0 59 84 92 89 11 35 18 64 1 100 61 44 83 67 7 58 52 90 61 95 56 44 99 41 62 95 
13 69 43 0 62 93 0 93 22 59 8 100 79 0 0 74 27 0 45 59 0 0 19 0 0 49 100 79 8 74 0 0 18 79 37 95 100 5 92 99 0 38 0 0 92 46 45 0 0 40 65 54 0 96 73 87 67 0 0 46 0 0 55 4 50 0 7 0 0 0 44 89 84 19 85 35 98 37 21 0 85 75 0 54 97 69 56 2 39 65 60 1 0 0 0 22 64 0 63 0 0 7 0 33 0 17 0 60 60 51 61 37 42 22 48 62 99 84 0 0 78 78 90 0 19 30 33 0 0 23 0 68 61 0 0 0 51 47 0 0 25 19 29 57 67 0 0 55 60 84 
0 32 0 73 63 0 55 61 75 82 0 19 14 12 99 41 4 93 0 94 35 0 22 0 0 71 4 10 67 3 86 0 95 68 53 23 42 0 0 32 48 0 33 95 59 48 6 77 57 0 16 32 35 33 10 86 82 0 3 83 0 8 23 77 80 37 53 0 39 88 93 70 9 62 29 19 46 13 62 0 25 0 26 30 23 26 0 22 0 74 0 66 80 53 0 90 0 36 26 88 13 1 0 0 3 9 97 0 62 61 75 80 5 32 68 34 28 89 62 0 90 0 61 0 0 37 53 80 98 0 0 0 0 4 67 15 79 0 0 54 0 88 0 99 84 97 0 41 83 51 
72 8 0 64 74 25 92 61 75 0 89 17 8 0 99 67 13 71 55 26 40 86 0 49 71 0 6 40 23 24 92 70 40 1 3 89 65 72 7 68 46 60 60 32 34 0 100 0 66 0 31 26 38 0 0 38 13 46 86 54 15 0 79 0 0 77 23 81 22 0 19 49 10 34 0 80 0 8 42 0 95 6 0 87 39 0 97 0 1 0 6 0 0 0 38 84 53 63 77 91 87 0 55 89 0 0 79 0 0 76 39 0 21 95 92 4 0 25 6 0 0 94 86 0 32 53 0 10 80 0 11 0 9 41 36 63 0 7 0 0 78 22 0 38 50 55 24 90 13 0 
0 87 40 22 96 86 0 92 68 68 63 96 12 64 98 88 0 14 0 48 0 78 74 100 4 6 0 88 0 59 76 72 0 0 0 9 95 29 96 38 80 0 88 12 66 56 70 60 13 41 11 27 86 31 73 78 5 65 83 53 26 63 0 73 81 0 12 46 78 96 17 30 58 0 99 0 2 0 0 0 0 80 34 17 0 16 79 55 68 25 51 85 7 0 63 17 55 31 27 11 16 23 24 52 71 80 51 41 91 39 26 75 57 0 0 0 15 0 37 0 29 48 49 0 0 0 59 81 22 94 0 83 0 10 54 2 85 0 92 91 12 4 61 80 0 0 33 54 77 72 
58 13 19 97 2 87 65 81 0 74 0 53 22 63 0 20 92 16 0 22 96 58 13 79 10 40 88 0 82 42 37 32 60 72 0 46 74 0 1 62 0 63 74 87 0 11 37 55 88 83 17 21 79 74 27 16 0 0 0 5 26 65 95 34 89 24 6 67 79 17 53 32 77 0 33 30 91 66 37 0 17 0 85 87 32 27 2 0 94 42 9 79 0 17 23 25 92 0 56 62 3 0 5 91 65 0 9 77 0 82 97 10 26 88 0 0 8 39 45 9 0 0 53 40 69 36 45 64 23 0 14 69 61 85 44 97 72 54 0 91 96 77 14 0 0 0 8 55 15 0 
79 0 75 59 13 4 34 0 67 17 5 7 86 0 0 17 68 13 46 84 83 41 41 8 67 23 0 82 0 0 0 34 0 0 78 0 85 0 0 22 33 70 82 63 87 0 81 80 90 0 58 15 29 28 75 0 57 21 7 27 69 31 0 31 0 54 83 0 74 42 0 69 99 0 95 58 5 98 99 0 0 39 0 0 0 47 10 89 17 0 90 0 20 71 0 2 24 24 0 99 21 83 97 0 79 7 0 3 0 0 12 29 95 0 22 14 66 0 32 82 0 39 0 91 59 33 0 31 43 0 33 0 5 0 78 63 39 1 0 90 0 59 24 0 0 29 85 0 0 1 
8 31 32 0 34 31 0 28 92 0 100 57 60 5 61 78 47 93 94 61 2 0 26 74 3 24 59 42 0 0 38 96 55 17 52 0 70 0 0 0 12 0 0 51 22 0 83 4 25 4 16 0 0 38 29 92 35 70 96 0 12 0 29 16 50 0 8 0 83 18 5 69 19 85 44 0 79 0 26 93 27 57 54 67 15 16 0 0 0 68 82 42 43 0 21 98 35 93 86 0 12 15 0 18 65 0 8 0 44 1 68 3 0 31 53 43 59 88 0 85 0 0 74 0 0 69 32 91 65 0 30 50 11 0 72 94 0 93 42 65 49 58 3 46 0 44 78 86 49 100 
2 47 42 45 61 12 73 100 45 69 0 0 54 0 0 28 92 21 0 72 38 58 0 0 86 92 76 37 0 38 0 30 21 49 39 0 39 17 39 75 72 12 27 39 73 81 88 49 53 12 51 86 69 41 0 80 3 10 0 37 91 59 20 68 0 69 0 0 17 61 72 98 97 99 0 57 63 15 0 75 30 48 14 75 70 74 92 0 4 59 27 18 0 39 82 0 84 92 77 83 58 37 19 0 0 0 0 0 9 90 0 33 19 27 35 53 73 48 63 40 80 0 1 87 55 0 98 0 13 99 65 19 94 82 64 0 66 9 45 0 87 61 0 0 63 38 12 21 75 0 
65 35 93 0 81 22 0 54 91 95 43 0 19 61 80 48 0 9 93 39 16 0 67 0 0 70 72 32 34 96 30 0 45 17 49 0 0 5 41 84 22 60 32 94 2 90 51 81 0 88 45 89 70 59 43 58 89 58 21 0 92 5 52 0 36 55 25 0 78 81 35 34 0 86 2 9 67 0 93 92 82 42 98 27 57 37 74 93 88 47 47 74 0 1 0 30 90 8 95 0 0 80 0 12 52 22 86 63 14 90 17 91 18 78 100 0 63 85 0 62 0 30 0 0 77 56 30 0 95 58 95 0 95 0 30 26 0 22 85 92 74 0 39 0 28 12 59 87 39 31 
0 0 0 45 35 0 4 69 68 66 0 63 36 77 77 55 62 86 63 94 20 35 0 18 95 40 0 60 0 55 21 45 0 44 29 76 11 41 0 93 0 69 11 0 46 55 0 28 82 23 83 89 0 60 73 21 48 4 0 0 0 0 0 50 2 0 0 4 40 45 12 0 0 42 18 60 9 0 41 60 93 90 12 69 75 98 4 0 47 82 0 29 0 60 87 69 14 79 0 78 1 78 0 0 68 53 1 17 0 7 0 1 0 0 88 53 76 60 37 23 96 96 5 73 0 57 0 11 79 0 75 56 24 72 68 39 63 9 0 16 0 98 39 13 27 70 0 74 85 0 
33 80 22 0 27 75 24 54 53 26 0 84 87 3 0 71 32 17 98 0 90 9 91 79 68 1 0 72 0 17 49 17 44 0 93 0 14 80 29 51 4 0 0 29 39 3 0 94 0 57 24 0 59 8 0 90 59 38 14 0 0 64 0 92 28 0 7 48 12 0 0 67 0 0 0 62 11 36 49 0 0 62 0 3 37 67 55 0 52 2 80 0 0 58 12 0 0 0 14 47 0 18 32 91 0 15 0 37 75 13 24 68 0 0 37 9 0 14 0 5 41 83 0 0 98 76 0 30 82 0 0 0 6 16 31 19 22 68 0 12 0 0 10 0 48 0 40 85 61 92 
95 85 20 94 0 20 55 35 96 0 0 33 55 0 38 38 48 0 62 76 59 41 55 37 53 3 0 0 78 52 39 49 29 93 0 19 0 58 74 83 48 37 0 2 0 16 34 78 24 68 22 0 24 15 28 10 90 99 30 0 93 89 64 0 9 62 9 37 95 4 94 60 0 20 16 20 1 65 95 51 95 65 72 0 0 78 13 59 62 80 97 91 0 45 98 9 30 15 89 0 0 21 92 19 0 74 55 6 92 0 58 54 0 10 6 70 19 74 56 0 27 69 77 50 60 88 69 88 0 44 39 52 44 61 48 70 48 0 90 62 0 49 10 2 85 44 94 0 12 0 
0 0 48 16 29 83 99 0 90 5 95 32 0 72 0 0 0 0 91 7 0 21 98 95 23 89 9 46 0 0 0 0 76 0 19 0 67 81 1 36 97 0 95 70 79 21 41 50 7 59 0 6 82 0 73 37 27 91 51 80 83 57 25 54 0 62 77 0 43 66 56 5 36 83 45 85 79 0 0 60 66 27 1 88 27 100 29 50 83 89 30 27 85 86 48 0 13 0 93 8 0 78 57 80 91 44 3 7 0 0 19 61 54 18 85 0 21 22 35 56 80 42 73 42 24 64 51 36 30 4 89 56 0 51 59 0 72 4 0 92 0 98 24 19 71 75 78 71 0 97 
78 42 48 58 18 0 38 19 0 44 0 20 93 0 41 7 11 0 81 10 72 0 89 100 42 65 95 74 85 70 39 0 11 14 0 67 0 17 13 0 68 76 0 55 3 49 0 48 66 57 94 23 22 0 100 78 10 18 0 91 98 87 94 0 32 85 60 63 35 78 43 84 83 0 0 3 25 38 0 0 78 93 0 69 35 57 58 39 7 11 41 50 64 73 9 81 66 4 49 96 0 89 0 39 0 74 0 60 30 28 0 30 60 17 63 65 96 0 45 0 0 80 0 91 16 92 17 49 61 45 63 30 14 4 40 0 0 55 81 97 11 7 15 94 52 30 25 0 9 0 
0 0 68 66 0 67 33 23 2 0 42 30 52 91 0 62 0 51 64 25 34 18 45 5 0 72 29 0 0 0 17 5 41 80 58 81 17 0 87 0 32 67 0 68 0 0 45 35 0 73 56 93 54 38 0 26 8 91 0 82 19 56 52 48 91 80 0 0 83 60 83 75 62 0 69 0 15 0 74 6 97 0 19 26 64 17 29 53 25 10 48 60 0 55 44 0 71 15 8 0 53 0 54 85 0 0 88 1 79 84 84 0 0 81 67 51 47 9 28 26 0 12 30 69 90 92 13 84 15 63 21 13 44 0 50 30 94 44 60 74 94 0 0 0 17 0 0 0 49 34 
38 17 30 0 24 44 52 0 0 0 87 0 96 43 1 59 63 78 3 46 29 0 42 92 0 7 96 1 0 0 39 41 0 29 74 1 13 87 0 80 13 47 78 74 14 78 3 18 0 5 0 38 87 69 5 75 57 4 67 64 34 21 72 97 14 0 28 43 0 11 89 11 52 0 0 0 78 73 26 11 61 3 62 0 0 0 3 60 78 82 0 17 0 94 0 0 11 45 89 32 40 20 0 88 60 18 54 62 46 6 55 22 44 0 57 33 76 60 83 0 24 51 38 53 0 55 0 0 63 41 0 27 46 12 34 0 96 57 100 77 81 18 1 0 13 36 32 56 47 0 
80 19 57 29 0 22 0 99 0 98 0 0 26 0 88 37 54 100 0 0 0 45 29 99 32 68 38 62 22 0 75 84 93 51 83 36 0 0 80 0 59 0 98 45 35 0 37 2 65 0 40 76 0 0 100 45 54 8 61 0 0 38 1 37 76 41 0 33 60 0 0 68 100 45 97 75 0 55 85 69 75 63 46 84 93 49 90 19 8 11 68 20 61 17 63 72 0 43 0 29 91 34 73 9 0 56 84 39 0 47 31 76 13 58 8 0 0 49 9 2 82 0 16 23 12 0 82 61 100 54 79 16 35 46 98 92 41 0 54 64 88 0 54 76 65 0 61 92 62 76 
0 0 32 18 77 80 0 1 94 35 0 54 41 0 61 70 0 64 79 56 0 0 83 0 48 46 80 0 33 12 72 22 0 4 48 97 68 32 13 59 0 7 92 66 73 21 0 98 0 58 30 0 84 0 66 84 93 0 92 56 85 27 29 54 43 33 91 5 0 0 11 0 58 29 45 0 0 10 18 71 49 37 0 79 72 0 0 6 35 75 0 12 0 6 0 85 0 50 0 64 36 99 56 89 66 43 8 42 0 85 54 0 79 21 0 94 18 51 24 45 90 92 90 31 65 12 3 0 86 0 0 0 17 30 39 41 100 0 56 0 0 71 83 3 40 87 72 72 24 0 
16 29 0 49 0 0 97 0 25 0 8 0 18 24 17 13 18 66 51 0 5 66 0 38 0 60 0 63 70 0 12 60 69 0 37 0 76 67 47 0 7 0 0 71 82 34 78 12 16 99 47 98 0 15 91 87 16 0 36 91 22 41 0 3 0 26 72 54 0 71 91 0 32 40 64 40 27 0 0 0 0 0 30 96 65 59 15 97 0 56 0 39 0 0 0 39 75 54 8 16 98 99 37 67 20 41 41 65 44 65 0 85 0 26 100 64 100 54 0 40 78 48 96 40 78 0 45 33 73 89 91 67 0 0 47 0 0 0 8 16 86 0 1 38 19 22 14 43 0 45 
75 16 82 77 43 0 75 22 73 0 24 8 95 99 0 31 0 21 45 77 7 70 94 0 33 60 88 74 82 0 27 32 11 0 0 95 0 0 78 98 92 0 0 79 21 15 0 0 0 0 43 35 22 3 0 84 88 96 86 34 0 33 71 0 19 33 88 29 18 44 86 37 25 72 51 56 0 81 36 94 0 7 52 0 0 11 62 49 64 11 0 16 27 46 18 92 14 71 33 27 30 0 27 40 0 86 95 0 30 0 4 87 79 35 85 21 0 91 59 0 53 66 55 0 0 80 24 0 53 56 0 42 38 86 57 5 71 37 80 45 0 100 50 12 2 4 0 0 99 72 
84 41 0 4 94 0 94 98 76 91 93 0 56 45 0 93 29 0 93 63 26 93 100 0 95 32 12 87 63 51 39 94 0 29 2 70 55 68 74 45 66 71 79 0 38 44 0 44 58 76 66 8 34 0 3 98 9 68 64 66 15 53 34 29 0 0 95 12 37 96 0 72 0 60 26 2 31 0 0 87 8 92 52 99 7 76 86 68 86 63 71 16 77 55 0 18 57 0 0 36 0 0 37 18 67 0 70 0 35 50 65 78 0 65 70 13 25 0 0 0 16 17 38 14 70 22 82 43 94 29 10 69 23 38 96 0 0 36 59 0 0 0 41 95 0 38 65 85 0 11 
12 7 51 0 59 96 0 63 60 19 95 73 67 45 72 67 33 0 56 29 16 18 20 92 59 34 66 0 87 22 73 2 46 39 0 79 3 0 14 35 73 82 21 38 0 83 17 0 7 85 4 34 23 78 60 21 0 77 8 86 37 0 3 0 57 59 3 27 0 66 0 4 0 52 0 0 89 43 49 0 54 16 96 14 16 0 23 66 31 58 0 67 25 0 0 11 86 58 0 22 30 92 13 47 0 8 91 88 0 56 1 75 53 0 98 58 44 46 61 0 19 0 55 56 56 11 50 48 1 73 27 0 1 81 42 0 62 96 33 65 25 76 61 83 17 0 82 57 59 76 
31 26 21 49 0 0 39 85 0 0 39 80 78 22 2 68 11 36 95 67 100 0 46 46 48 0 56 11 0 0 81 90 55 3 16 21 49 0 78 0 21 34 15 44 83 0 0 55 0 1 34 40 0 12 78 42 32 84 0 86 0 86 58 49 77 0 100 73 22 13 49 54 0 1 38 38 99 51 93 0 0 83 0 20 60 0 55 20 31 0 12 12 40 0 16 0 4 55 62 67 81 58 45 43 74 69 20 6 6 9 55 0 56 0 0 40 0 0 4 55 65 0 27 0 55 53 69 30 83 0 25 95 0 1 65 0 69 49 33 0 88 93 33 100 74 85 75 38 43 0 
48 51 92 3 22 72 43 0 96 0 19 17 10 8 25 63 1 26 54 45 71 82 20 45 6 100 70 37 81 83 88 51 0 0 34 41 0 45 3 37 0 78 0 0 17 0 0 35 13 78 0 0 27 21 42 0 0 0 0 37 85 0 94 0 92 48 50 50 3 0 0 76 93 0 93 0 24 78 21 76 71 13 0 77 72 8 72 0 23 9 31 18 23 1 50 18 96 0 48 78 0 96 0 85 0 0 0 66 0 31 13 69 0 0 0 56 77 68 35 12 0 3 13 9 71 82 91 12 46 45 0 33 0 24 49 0 53 0 94 74 97 0 19 4 77 46 0 25 17 20 
80 96 0 72 69 57 0 0 31 23 90 32 7 8 26 22 0 88 42 29 49 92 71 0 77 0 60 55 80 4 49 81 28 94 78 50 48 35 18 2 98 12 0 44 0 55 35 0 24 12 42 0 10 0 0 70 0 52 0 86 32 66 38 44 32 0 18 42 55 12 83 33 39 89 0 33 86 41 24 0 33 0 0 29 43 0 62 27 0 0 79 0 4 6 9 0 91 31 7 99 61 5 96 0 60 0 46 70 0 31 49 25 50 58 73 0 0 90 89 50 24 15 0 14 74 95 0 0 77 44 20 11 0 40 56 60 20 0 32 93 100 0 55 64 72 0 0 40 46 38 
67 23 0 59 7 0 91 82 55 60 0 91 85 49 41 43 0 20 2 91 49 79 89 0 57 66 13 88 90 25 53 0 82 0 24 7 66 0 0 65 0 16 0 58 7 0 13 24 0 69 15 87 89 25 0 0 97 4 68 49 10 0 0 23 4 92 39 0 32 25 43 0 95 14 0 0 78 0 0 0 64 0 0 0 0 43 99 50 81 34 45 93 34 75 46 97 8 72 89 66 1 57 0 85 0 40 72 28 62 3 42 78 0 0 91 0 0 4 57 0 37 31 53 27 34 67 0 0 25 70 64 0 0 18 22 48 38 77 56 34 52 67 30 8 0 53 65 45 68 26 
0 31 5 69 65 14 33 67 0 0 37 0 56 21 17 80 3 90 0 35 96 0 74 40 0 0 41 83 0 4 12 88 23 57 68 59 57 73 5 0 58 99 0 76 85 1 78 12 69 0 41 0 5 14 78 10 0 68 7 17 29 97 88 0 62 0 87 18 22 3 100 3 74 15 67 88 83 100 50 91 81 16 83 76 0 96 73 78 53 0 0 40 38 88 59 15 72 0 53 66 44 15 0 95 69 58 48 0 15 41 15 0 13 59 49 14 100 88 94 15 32 88 95 10 82 72 98 33 0 0 0 52 0 4 75 16 77 66 77 0 48 0 53 68 0 13 7 49 51 26 
40 0 96 59 89 59 0 33 95 3 0 81 0 0 15 16 44 90 51 14 93 0 0 65 16 31 11 17 58 16 51 45 83 24 22 0 94 56 0 40 30 47 43 66 4 34 0 42 15 41 0 35 82 26 0 63 6 91 7 68 48 69 73 99 2 74 54 39 29 66 86 0 19 19 0 65 7 82 100 0 42 90 73 100 66 33 1 72 28 45 70 0 95 40 33 0 82 0 66 0 0 0 38 30 17 80 80 29 55 0 96 92 1 31 0 40 97 30 92 100 72 0 17 39 0 83 22 85 94 49 0 95 15 84 1 81 78 31 29 45 37 0 25 39 0 0 49 0 72 0 
96 45 79 99 0 77 4 0 72 14 92 49 59 0 33 0 0 87 71 0 69 20 91 54 32 26 27 21 15 0 86 89 89 0 0 6 23 93 38 76 0 98 35 8 34 40 0 0 87 0 35 0 73 82 0 21 37 63 78 95 77 76 33 0 95 0 0 79 69 71 45 21 92 0 95 47 67 0 68 69 68 70 0 30 17 71 37 98 67 42 0 1 0 0 7 84 0 90 0 54 47 76 41 55 2 10 1 0 64 35 67 50 21 0 28 73 0 64 0 62 76 35 0 64 73 63 69 78 93 62 0 0 12 0 19 0 67 68 0 40 67 3 7 45 68 33 0 13 0 47 
0 87 0 43 2 86 78 5 17 0 97 78 0 49 0 0 99 65 60 65 0 96 52 0 35 38 86 79 29 0 69 70 0 59 24 82 22 54 87 0 84 0 22 34 23 0 27 10 89 5 82 73 0 29 0 41 16 22 59 3 0 0 0 50 0 92 95 85 35 99 16 57 71 7 72 0 22 28 15 78 8 93 38 86 83 0 0 68 67 44 65 10 88 62 0 0 22 80 70 11 17 50 0 0 40 95 0 5 53 36 67 0 0 80 5 0 23 2 27 54 27 24 31 39 0 25 55 28 44 19 40 83 16 97 0 99 39 71 2 67 37 0 0 52 33 97 0 85 52 52 
85 60 3 67 50 64 67 72 0 71 1 90 68 0 54 26 46 92 67 57 9 68 0 96 33 0 31 74 28 38 41 59 60 8 15 0 0 38 69 0 0 15 3 0 78 12 21 0 25 14 26 82 29 0 16 0 0 59 73 94 49 42 18 80 53 85 71 14 31 33 89 83 0 16 75 13 13 86 0 65 0 35 0 0 0 26 88 93 18 0 11 68 18 70 18 0 56 11 93 50 0 37 29 88 0 83 62 15 0 67 0 74 86 51 42 51 60 0 46 93 12 91 38 0 13 0 15 95 89 0 97 18 84 0 39 52 9 14 78 18 12 29 32 61 92 16 4 43 69 96 
45 4 43 87 81 0 0 0 32 27 0 0 5 26 87 71 100 86 100 0 35 0 43 73 10 0 73 27 75 29 0 43 73 0 28 73 100 0 5 100 66 91 0 3 60 78 42 0 0 78 0 0 0 16 0 5 91 79 44 5 4 80 0 38 62 45 90 9 5 58 60 20 12 0 82 26 93 8 49 0 97 50 26 0 41 0 81 16 0 100 57 89 41 70 0 59 16 13 0 53 0 3 69 0 0 96 34 0 64 70 82 93 37 27 0 32 0 59 67 32 70 43 0 23 69 16 0 1 77 100 0 17 95 68 35 44 0 79 7 61 44 83 57 18 56 91 0 78 55 0 
77 63 11 77 50 83 71 9 0 49 0 6 0 4 45 28 65 31 29 37 79 91 0 87 86 38 78 16 0 92 80 58 21 90 10 37 78 26 75 45 84 87 84 98 21 42 0 70 0 10 63 21 41 0 5 0 28 26 99 44 0 82 86 21 0 61 4 0 60 94 76 0 0 0 82 66 0 29 0 2 0 15 62 31 99 0 62 29 0 0 0 50 67 35 24 85 12 18 32 0 9 77 34 1 0 0 62 55 13 19 62 0 99 0 19 0 0 0 9 59 0 2 52 69 0 0 0 10 54 3 58 23 98 0 71 67 88 36 97 22 18 93 43 0 46 85 73 12 24 43 
0 61 26 77 85 33 0 33 42 89 56 0 62 0 74 0 45 67 75 6 0 93 61 67 82 13 5 0 57 35 3 89 48 59 90 27 10 8 57 54 93 16 88 9 0 32 0 0 97 0 6 37 16 0 91 28 0 0 2 64 73 72 100 91 77 99 0 39 6 84 0 52 23 0 47 21 51 0 90 15 25 21 0 40 0 37 12 0 79 0 0 21 51 13 46 0 51 7 78 0 97 34 24 86 68 74 97 0 33 0 67 0 0 43 0 0 93 89 87 36 81 0 97 0 84 0 49 0 29 0 0 28 33 48 50 0 0 91 5 93 0 97 0 59 46 64 0 0 0 57 
0 48 86 82 33 0 0 44 83 66 56 49 63 71 8 0 78 27 80 53 11 26 36 0 0 46 65 0 21 70 10 58 4 38 99 91 18 91 4 8 0 0 96 68 77 84 0 52 4 68 91 63 22 59 79 26 0 0 7 50 88 72 0 26 44 53 62 84 43 36 62 6 16 0 0 29 66 0 56 9 1 1 0 70 53 54 0 0 0 64 48 32 12 16 0 80 83 49 72 86 49 26 18 42 96 59 9 14 90 41 9 0 64 69 93 0 28 83 65 46 0 60 26 79 6 99 10 0 59 9 27 10 92 0 88 28 35 12 87 3 30 7 0 29 0 46 57 42 23 0 
88 60 41 0 63 68 0 84 0 83 90 43 6 0 75 70 98 59 49 66 14 5 54 0 3 86 83 0 7 96 0 21 0 14 30 51 0 0 67 61 92 36 86 64 8 0 0 0 68 7 7 78 59 73 44 99 2 7 0 60 100 0 2 86 76 92 54 83 65 67 79 5 99 16 21 67 0 0 0 14 95 12 11 49 8 17 9 0 15 69 48 0 96 30 80 22 30 11 0 52 0 0 10 4 63 0 65 0 24 0 6 0 0 0 1 51 66 37 6 88 45 2 0 33 87 84 95 14 15 0 55 70 0 48 32 9 71 1 16 67 64 0 57 0 60 0 33 30 3 0 
66 0 95 0 0 72 67 0 0 24 31 59 18 64 90 80 61 90 46 40 23 0 0 46 83 54 53 5 27 0 37 0 0 0 0 80 91 82 64 0 56 91 34 66 86 86 37 86 49 17 68 95 3 94 5 44 64 50 60 0 42 1 38 30 33 0 100 43 0 34 0 65 78 83 66 28 36 0 5 49 42 8 66 20 0 21 0 18 91 60 46 0 0 80 66 52 59 36 47 0 2 1 0 75 23 67 0 33 50 45 99 0 68 22 0 64 71 49 79 30 79 0 98 68 16 85 57 88 92 28 37 12 28 35 12 89 95 86 84 58 53 37 0 51 84 16 60 90 0 42 
35 0 0 14 61 10 86 55 5 83 0 0 96 72 41 23 0 71 52 3 14 79 0 0 0 15 26 26 69 12 91 92 0 0 93 83 98 19 34 0 85 22 0 15 37 0 85 32 10 29 48 77 0 49 4 0 73 88 100 42 0 0 73 28 53 42 64 0 0 87 0 34 10 29 69 31 91 73 58 28 0 53 90 0 80 95 60 32 0 43 72 29 0 39 25 0 79 90 50 27 48 49 45 37 62 24 0 66 57 56 65 22 9 0 0 9 17 0 0 0 0 28 7 66 56 97 88 53 15 98 25 52 0 8 9 10 75 0 32 0 54 59 67 38 9 12 85 0 23 3 
85 0 31 56 5 91 13 19 81 0 47 0 71 10 91 33 86 75 84 94 86 0 66 0 8 0 63 65 31 0 59 5 0 64 89 57 87 56 21 38 27 41 33 53 0 86 0 66 0 97 69 76 0 42 80 82 72 72 0 1 0 0 28 77 30 58 72 30 65 8 40 45 56 0 44 45 89 92 78 90 85 21 31 76 0 0 54 66 90 72 0 19 74 0 87 0 86 0 0 44 94 45 0 0 3 0 14 48 93 20 100 14 87 82 66 69 3 57 100 85 79 0 4 91 48 56 1 52 11 37 3 83 98 22 0 4 20 80 56 51 0 0 17 13 20 47 0 38 100 20 
0 87 82 43 21 64 37 2 0 46 44 37 8 77 0 37 65 0 38 73 58 27 66 55 23 79 0 95 0 29 20 52 0 0 64 25 94 52 72 1 29 0 71 34 3 58 94 38 0 88 73 33 0 18 0 86 100 0 2 38 73 28 0 55 64 0 72 0 29 63 71 0 0 41 4 38 87 95 17 71 0 92 52 68 0 28 0 0 18 95 57 65 81 10 87 28 38 37 18 40 34 0 69 7 7 0 33 90 0 86 83 0 92 16 50 60 14 25 0 67 17 26 0 9 95 0 80 71 34 81 0 58 13 17 69 85 82 31 0 68 0 0 97 41 0 0 80 0 8 5 
0 0 59 13 0 87 22 16 66 19 84 28 66 13 72 0 82 18 87 33 69 77 0 4 77 0 73 34 31 16 68 0 50 92 0 54 0 48 97 37 54 3 0 29 0 49 0 44 23 0 99 0 50 80 38 21 91 26 86 30 28 77 55 0 97 12 0 48 0 77 59 61 75 100 7 60 38 0 39 17 10 17 0 0 85 41 23 0 81 66 11 3 0 80 46 73 78 74 95 11 0 100 9 18 0 61 0 40 59 0 0 94 18 0 8 13 8 81 0 79 0 0 66 0 28 0 34 9 31 20 0 85 52 0 52 80 0 60 0 100 0 0 22 24 63 3 0 0 35 0 
100 63 66 80 82 85 0 0 44 29 0 85 0 13 40 14 0 19 14 0 2 69 4 50 80 0 81 89 0 50 0 36 2 28 9 0 32 91 14 76 43 0 19 0 57 77 92 32 4 62 2 95 0 53 62 0 77 44 76 33 53 30 64 97 0 33 94 89 39 4 63 0 1 0 83 0 0 59 0 95 0 0 18 98 69 4 57 97 24 86 69 0 0 74 57 69 6 50 11 0 2 0 0 100 0 0 0 29 0 22 68 0 48 76 42 0 89 70 84 0 26 47 23 4 0 0 60 61 0 0 78 86 65 66 0 16 88 52 63 61 73 63 84 83 92 92 58 54 48 51 
54 42 16 57 60 0 0 20 3 0 55 19 54 0 90 75 43 0 58 0 56 0 17 0 37 77 0 24 54 0 69 55 0 0 62 62 85 80 0 41 33 26 33 0 59 0 48 0 92 0 74 0 92 85 45 61 99 53 92 0 42 58 0 12 33 0 23 52 43 23 63 37 35 15 96 80 0 28 24 36 0 0 15 40 93 73 27 0 9 64 75 43 74 62 0 0 1 18 31 13 2 34 53 96 0 91 70 23 21 0 0 17 53 0 0 0 27 58 0 45 55 0 27 99 40 0 33 2 97 12 19 91 0 53 0 76 15 29 7 0 50 89 90 92 0 0 0 53 47 0 
99 0 35 20 61 0 0 25 70 0 14 13 23 76 43 8 82 25 79 18 0 78 84 7 53 23 12 6 83 8 0 25 0 7 9 77 60 0 28 0 91 72 88 95 3 100 50 18 39 87 54 0 95 71 90 4 0 62 54 100 64 72 72 0 94 23 0 7 0 65 0 34 80 48 13 44 71 0 82 0 29 92 56 70 0 100 0 0 37 0 22 10 3 59 95 52 98 19 67 0 0 29 0 95 41 0 81 74 78 20 0 87 96 5 33 44 63 24 0 90 9 76 38 87 0 0 52 41 0 0 0 0 0 0 99 0 22 62 51 97 7 23 97 72 89 8 48 77 59 94 
6 23 31 84 0 30 25 70 36 0 12 72 0 0 68 65 5 93 0 46 6 0 0 0 0 81 46 67 0 0 0 0 4 48 37 0 63 0 43 33 5 54 29 12 27 73 50 42 0 18 39 79 85 14 9 0 39 84 83 43 0 30 0 48 89 52 7 0 74 65 23 45 97 92 32 0 26 85 40 80 0 22 26 0 0 51 46 17 86 59 0 89 71 96 0 5 97 71 0 0 59 0 68 0 37 0 21 0 31 60 100 65 0 0 40 26 0 76 0 18 35 76 54 4 0 0 0 0 95 0 44 97 89 47 0 0 0 15 57 36 99 0 21 99 81 48 35 35 0 93 
59 0 0 0 16 43 67 27 99 42 66 89 0 16 0 94 30 0 37 0 86 64 0 0 39 22 78 79 74 83 17 78 40 12 95 43 35 83 0 60 0 0 18 37 0 22 3 55 32 22 29 69 35 31 5 60 6 43 65 0 0 65 29 0 39 43 0 74 0 59 0 32 40 11 54 62 67 11 22 0 42 0 49 35 0 3 97 0 6 47 71 51 78 0 55 0 0 14 77 43 20 0 93 10 28 37 0 48 0 16 77 52 76 14 90 81 0 38 95 97 100 43 48 26 51 4 0 96 71 0 1 63 99 99 0 52 92 34 0 72 0 0 0 14 19 53 20 0 62 92 
40 78 58 22 3 0 99 0 13 96 0 0 5 0 83 5 0 58 100 0 84 35 52 0 88 0 96 17 42 18 61 81 45 0 4 66 78 60 11 0 0 71 44 96 66 13 0 12 25 3 66 71 99 33 58 94 84 36 67 34 87 8 63 77 4 23 65 65 59 0 0 45 60 79 50 93 0 0 0 0 91 86 60 0 68 55 59 32 5 45 83 57 0 39 0 91 53 0 15 21 17 97 44 8 0 78 0 99 0 86 64 43 41 59 100 58 41 35 0 86 0 38 61 0 95 4 0 0 0 24 58 9 7 35 0 0 26 48 8 16 29 37 51 18 19 94 77 32 93 8 
80 62 0 83 0 30 18 34 97 21 34 43 88 7 0 65 18 71 97 3 0 43 23 44 93 19 17 53 0 5 72 35 12 0 94 56 43 83 89 0 11 91 86 0 0 49 0 83 43 100 86 45 16 89 60 76 0 62 79 0 0 40 71 59 63 63 0 23 0 0 0 89 43 24 0 0 29 21 11 33 60 9 25 1 42 57 18 0 90 53 22 76 0 62 95 0 29 65 0 31 17 30 83 0 72 78 0 100 20 53 5 52 33 53 67 0 18 0 0 0 48 0 49 0 0 44 85 10 0 0 8 22 24 76 45 94 97 76 0 91 85 0 46 29 27 92 0 64 97 22 
89 79 88 50 61 48 2 19 16 72 61 21 81 55 65 0 55 91 56 55 92 80 22 89 70 49 30 32 69 69 98 34 0 67 60 5 84 75 11 68 0 0 37 72 4 54 76 33 0 3 0 21 57 83 20 0 52 6 5 65 34 45 0 61 0 37 34 45 32 45 89 0 2 2 67 96 69 88 83 8 93 53 0 55 0 74 2 86 47 0 60 58 0 0 36 42 54 0 73 0 23 83 0 67 0 78 37 58 0 27 18 0 41 60 65 87 59 34 4 46 82 78 3 15 74 27 47 37 74 6 86 60 3 19 21 85 93 0 0 0 41 0 10 96 0 59 0 31 42 0 
72 78 93 13 33 72 3 0 0 77 33 79 87 57 0 93 25 100 48 45 0 12 70 84 9 10 58 77 99 19 97 0 0 0 0 36 83 62 52 100 58 32 25 0 0 0 93 39 95 74 19 92 71 0 12 0 23 16 99 78 10 56 0 75 1 35 80 97 40 60 43 2 0 63 91 50 94 49 78 78 78 26 44 100 90 67 65 82 91 42 17 34 0 0 97 51 14 66 69 48 84 48 10 0 86 44 36 66 24 0 55 49 23 76 0 37 84 82 0 0 48 36 0 0 0 0 53 0 100 97 85 71 16 80 61 89 71 0 22 65 77 62 26 33 90 76 0 4 55 14 
0 27 86 9 47 0 26 90 87 40 0 82 74 0 36 0 46 83 0 31 0 83 40 19 62 34 0 0 0 85 99 86 42 0 20 83 0 0 0 45 29 40 72 60 52 1 0 89 14 15 19 0 7 16 0 0 0 0 16 83 29 0 41 100 0 15 48 92 11 79 24 2 63 0 92 33 0 23 46 7 29 96 70 26 91 2 16 0 51 15 52 21 33 19 0 0 24 44 17 86 0 27 0 3 0 25 8 26 58 27 86 33 19 90 14 0 14 58 85 0 0 95 0 36 77 67 99 34 0 79 10 17 15 5 61 5 57 34 0 0 3 85 27 2 0 64 0 92 99 32 
0 32 0 39 88 0 72 56 8 1 0 70 29 12 0 17 12 32 0 0 95 40 27 85 29 0 99 33 95 44 0 2 18 0 16 45 0 69 0 97 45 64 51 26 0 38 93 0 0 67 0 95 72 75 82 82 47 0 21 66 69 44 4 7 83 96 13 32 54 50 0 67 91 92 0 86 0 75 13 26 92 75 74 0 32 0 0 43 49 0 23 66 29 8 11 56 35 0 60 6 94 42 17 0 60 17 0 26 0 0 15 0 25 36 37 8 0 0 94 71 79 21 0 62 88 53 80 18 0 95 76 76 28 94 84 51 0 0 79 0 0 29 27 91 97 6 19 0 22 78 
24 33 0 74 44 5 95 28 0 89 56 9 88 0 97 13 0 90 70 8 27 0 6 35 19 80 0 30 58 0 57 9 60 62 20 85 3 0 0 75 0 40 56 2 0 38 0 33 0 88 65 47 0 13 26 66 21 29 67 28 31 45 38 60 0 80 44 0 62 93 0 96 50 33 86 0 0 0 83 0 31 39 0 86 45 49 52 40 30 34 0 0 89 0 0 28 79 5 94 4 28 87 0 93 0 52 54 47 8 97 20 34 12 0 0 66 77 40 18 97 0 59 0 0 19 23 77 74 55 0 41 80 6 26 0 0 54 0 57 84 44 0 50 0 95 52 2 16 77 95 
62 0 96 48 0 0 59 31 43 59 0 22 71 0 63 14 0 31 6 18 50 31 86 98 46 0 2 91 5 79 63 67 9 11 1 79 25 15 78 0 0 27 0 31 89 99 24 86 78 83 7 67 22 13 93 0 51 66 0 36 91 89 87 38 0 0 71 26 67 0 29 69 94 0 0 0 0 0 21 25 54 21 85 85 11 85 59 22 64 99 84 32 13 44 41 1 41 10 29 15 44 73 19 0 74 61 0 51 17 0 36 39 32 70 0 79 0 23 33 92 51 24 0 82 23 0 81 90 66 48 0 3 58 0 9 29 0 81 92 33 0 87 73 0 0 82 0 32 75 60 
82 77 0 38 66 36 15 89 81 64 63 60 28 12 70 6 63 0 41 62 40 0 0 37 13 8 0 66 98 0 15 0 0 36 65 0 38 0 73 55 10 0 81 0 43 51 78 41 0 100 82 0 28 86 8 29 0 0 0 0 73 92 95 0 59 28 0 85 11 0 21 88 49 23 75 0 0 0 80 59 0 93 51 0 0 6 85 88 55 13 0 0 3 48 84 51 95 16 0 82 0 37 41 61 13 0 63 0 29 80 80 0 39 41 0 0 25 19 0 9 2 97 13 24 18 27 76 0 60 0 6 85 0 82 90 10 46 87 67 72 25 44 86 85 66 29 0 20 75 39 
64 3 47 100 15 57 29 62 93 0 37 48 0 83 39 0 56 16 7 65 25 88 11 21 62 42 0 37 99 26 0 93 41 49 95 0 0 74 26 85 18 0 36 0 49 93 21 24 0 50 100 68 15 0 49 0 90 56 0 5 58 78 17 39 0 24 82 40 22 0 11 83 78 46 13 83 21 80 0 58 78 0 0 57 7 8 36 3 49 84 81 74 12 0 42 91 40 96 52 47 50 44 94 12 0 0 0 12 0 0 0 68 41 90 19 79 0 53 91 0 88 0 68 0 6 13 31 65 98 0 0 0 0 73 0 57 52 82 43 59 0 49 79 0 86 3 82 15 49 28 
0 0 55 25 20 89 0 8 81 8 77 0 7 10 0 26 0 0 0 47 85 64 0 0 0 0 0 0 0 93 75 92 60 0 51 60 0 6 11 69 71 0 94 87 0 0 76 0 0 91 0 69 78 65 0 2 15 9 14 49 28 90 71 17 95 36 0 80 0 0 33 8 78 7 26 0 25 59 58 0 86 0 67 0 61 67 53 37 80 66 99 0 78 12 0 0 7 63 0 45 56 47 0 18 95 44 72 10 3 0 44 50 7 0 0 0 11 13 0 39 26 43 13 0 25 97 0 19 0 44 99 73 28 48 74 36 85 34 26 0 24 74 48 93 85 11 6 0 1 21 
4 40 89 46 54 78 16 0 70 0 0 81 68 74 20 10 51 55 0 12 93 41 40 85 25 95 0 17 0 27 30 82 93 0 95 66 78 97 61 75 49 0 0 8 54 0 71 33 64 81 42 68 8 0 97 0 25 1 95 42 0 85 0 10 0 0 29 0 42 91 60 93 78 29 92 31 54 0 78 86 0 51 72 89 38 0 42 65 84 0 52 19 84 0 10 9 0 58 37 12 77 39 100 39 0 41 0 96 0 0 21 5 0 0 0 89 0 67 95 0 55 63 97 62 0 10 46 2 0 84 90 63 33 12 75 0 0 85 36 92 0 32 95 87 23 46 20 81 66 98 
3 8 47 0 54 13 72 0 0 0 7 86 0 0 0 22 0 31 0 87 0 90 61 75 0 6 80 0 39 57 48 42 90 62 65 27 93 0 3 63 37 0 7 92 16 83 13 0 0 16 90 70 93 35 50 15 21 1 12 8 53 21 92 17 0 0 92 22 0 86 9 53 26 96 75 39 21 93 0 0 51 0 0 0 0 98 62 67 5 0 65 74 60 28 69 0 54 4 38 86 46 2 31 55 31 0 35 15 83 42 16 13 0 65 0 84 31 0 92 45 95 0 0 71 63 59 9 7 83 0 53 0 10 76 70 4 24 0 48 82 94 95 53 51 87 45 0 21 45 71 
45 96 11 51 43 63 53 0 40 82 53 12 77 29 5 0 0 76 15 27 18 14 0 0 26 0 34 85 0 54 14 98 12 0 72 1 0 19 62 46 0 30 52 52 96 0 0 0 0 83 73 0 38 0 26 62 0 0 11 66 90 31 52 0 18 15 56 26 49 60 25 0 44 70 74 0 85 51 0 67 72 0 0 0 19 0 33 0 0 67 0 91 76 6 82 88 71 0 0 0 0 70 0 82 62 0 79 0 89 24 85 88 27 95 22 95 46 80 38 33 35 92 85 26 64 0 78 0 45 88 63 54 43 0 18 44 32 89 43 43 80 2 0 47 86 94 83 0 39 14 
0 100 45 15 99 0 28 35 31 62 51 76 73 0 49 0 94 19 1 0 0 73 11 54 30 87 17 87 0 67 75 27 69 3 0 88 69 26 0 84 79 96 0 99 14 20 77 29 0 76 100 30 86 0 0 31 40 70 49 20 0 76 68 0 98 40 70 0 35 0 1 55 100 26 0 86 85 0 57 0 89 0 0 0 14 28 24 0 78 15 89 44 42 97 0 15 100 0 3 5 74 46 51 54 0 0 54 0 0 76 0 100 100 61 0 88 11 0 85 93 93 30 78 4 36 0 63 88 30 44 31 58 1 39 69 37 82 19 0 91 0 22 22 0 16 20 27 21 0 0 
0 32 60 89 0 47 61 39 36 6 44 74 0 64 64 15 42 0 0 35 69 100 35 97 23 39 0 32 0 15 70 57 75 37 0 27 35 64 0 93 72 65 0 7 16 60 72 43 0 0 66 17 83 0 41 99 0 53 8 0 80 0 0 85 69 93 0 0 0 68 42 0 90 91 32 45 11 0 7 61 38 0 19 14 0 74 0 22 54 46 14 20 71 13 49 0 85 34 98 34 17 97 51 0 0 83 90 6 5 0 52 94 0 34 0 0 55 34 0 92 62 58 16 94 43 24 10 42 18 23 57 90 35 0 90 0 88 0 53 1 23 50 40 41 1 19 0 13 0 90 
21 49 72 86 77 58 0 73 0 0 96 0 0 0 59 0 71 69 33 35 88 48 87 69 26 0 16 27 47 16 74 37 98 67 78 100 57 17 0 49 0 59 11 76 0 0 8 0 43 96 33 71 0 26 0 0 37 54 17 21 95 0 28 41 4 73 100 51 3 55 57 74 67 2 0 49 85 6 8 67 0 98 0 28 74 0 29 47 81 0 27 14 0 61 22 94 0 28 0 97 64 0 0 0 0 92 68 13 0 0 91 53 91 27 5 0 59 49 75 38 9 37 90 23 0 57 6 99 42 4 0 62 93 43 53 75 0 97 12 0 35 19 49 38 0 94 7 49 10 82 
72 9 72 63 59 2 94 88 69 77 59 13 27 55 58 84 45 60 71 61 58 0 50 56 0 97 79 2 10 0 92 74 4 55 13 29 58 29 3 90 0 15 62 86 23 55 72 62 99 73 1 37 0 88 81 62 12 0 9 0 60 54 0 23 57 27 0 46 97 59 18 2 65 16 0 52 59 85 36 53 42 62 33 24 0 29 0 0 80 53 0 32 0 66 87 98 0 0 67 78 35 0 0 54 58 93 0 99 78 0 16 97 54 0 41 72 0 0 20 67 77 40 83 0 51 0 0 28 78 84 80 0 62 44 87 0 39 54 81 39 85 61 0 39 0 67 0 65 70 0 
85 30 94 87 62 14 52 0 18 50 7 0 57 92 65 34 22 0 54 0 26 56 64 2 22 0 55 0 89 0 0 93 0 0 59 50 39 53 60 19 6 97 49 68 66 20 0 27 50 78 72 98 68 93 16 29 0 0 0 18 32 66 0 0 97 0 0 17 0 32 0 86 82 0 43 40 22 88 3 37 65 67 0 0 22 47 0 0 32 91 0 77 0 75 0 0 11 31 0 23 0 0 37 91 41 94 23 41 40 19 92 80 0 63 11 0 54 69 78 24 10 59 4 67 0 0 77 3 9 86 69 100 0 0 0 88 0 58 64 10 33 14 0 10 0 0 34 35 15 29 
30 36 85 63 0 49 0 0 89 57 0 100 0 0 71 27 13 0 100 25 52 81 82 39 0 1 68 94 17 0 4 88 47 52 62 83 7 25 78 8 35 0 64 86 31 31 23 0 81 53 28 67 67 18 0 0 79 0 15 91 0 90 18 81 24 9 37 86 6 5 90 47 91 51 49 30 64 55 49 80 84 5 0 78 54 81 80 32 0 73 0 97 22 41 0 52 97 52 57 98 92 0 4 35 0 26 0 53 29 74 52 75 16 60 28 0 38 62 38 0 93 0 74 59 47 0 33 0 46 47 41 0 97 2 46 0 54 0 69 40 93 45 0 8 0 0 0 0 23 10 
80 0 0 37 13 0 78 0 0 0 86 0 82 7 57 73 84 1 78 48 0 0 22 65 74 0 25 42 0 68 59 47 82 2 80 89 11 10 82 11 75 56 11 63 58 0 9 0 34 0 45 42 44 0 100 0 0 64 69 60 43 72 95 66 86 64 0 59 47 45 53 0 42 15 0 34 99 13 84 66 0 0 67 15 46 0 53 91 73 0 18 1 42 0 58 78 95 69 31 0 0 13 44 0 90 64 32 6 82 35 0 0 0 67 94 31 52 37 17 54 23 0 82 37 48 51 72 55 0 77 88 68 0 97 65 38 52 88 68 0 27 23 0 73 47 0 72 47 0 22 
69 37 62 0 9 0 0 62 73 73 0 72 72 52 58 1 0 100 0 8 34 30 0 60 0 6 51 9 90 82 27 47 0 80 97 30 41 48 0 68 0 0 0 71 0 12 31 79 45 0 70 0 65 11 57 0 0 48 48 46 72 0 57 11 69 75 22 0 71 83 22 60 17 52 23 0 84 0 81 99 52 65 0 89 14 27 0 0 0 18 0 0 70 32 94 2 0 0 64 60 43 71 84 0 92 0 34 97 31 86 0 69 6 85 24 0 28 0 80 32 62 0 0 0 14 21 59 0 15 27 51 17 84 0 6 0 91 45 12 80 45 44 30 19 18 0 90 62 2 96 
25 59 7 86 46 0 64 14 83 0 19 67 80 43 46 100 54 0 8 45 5 72 81 1 66 0 85 79 0 42 18 74 29 0 91 27 50 60 17 20 12 39 16 16 67 12 18 0 93 40 0 1 10 68 89 50 21 32 0 0 29 19 65 3 0 43 10 89 51 57 76 58 34 21 66 0 32 0 74 0 19 74 91 44 20 14 32 77 97 1 0 0 25 51 90 27 0 8 92 0 39 49 0 63 33 2 61 99 0 0 97 0 1 9 45 24 100 44 46 87 52 3 64 30 90 35 20 15 0 55 84 58 55 80 0 0 15 56 21 0 0 62 0 21 30 14 78 0 33 0 
58 0 73 0 11 0 29 98 37 89 43 0 87 6 0 0 36 82 0 18 57 0 0 0 80 0 7 0 20 43 0 0 0 0 0 85 64 0 0 61 0 0 27 77 25 40 23 4 34 38 95 0 88 18 41 67 51 12 96 0 0 74 81 0 0 74 3 71 78 0 0 0 0 33 29 89 13 3 12 78 84 60 76 42 71 0 0 0 22 42 70 25 0 0 0 74 74 59 0 0 3 93 22 71 63 0 32 77 46 42 31 58 15 0 77 0 62 2 35 34 0 14 94 13 56 22 29 0 1 25 0 0 65 0 82 98 56 28 32 83 89 33 22 40 0 0 0 35 62 84 
97 60 100 54 78 0 74 45 0 79 0 28 0 42 0 94 36 56 9 0 0 13 43 0 53 0 0 17 71 0 39 1 60 58 45 86 73 55 94 17 6 0 46 55 0 0 1 6 75 88 40 0 62 70 70 35 13 16 30 80 39 0 10 80 74 62 59 96 0 39 62 0 0 19 8 0 44 48 0 12 0 28 6 97 13 61 66 75 41 0 32 51 0 0 82 0 36 0 0 1 0 9 47 25 65 52 65 0 47 0 39 88 83 17 26 67 6 0 0 64 59 36 13 0 16 0 0 8 23 13 55 34 3 84 0 0 68 86 0 83 0 0 81 0 50 1 0 25 91 26 
73 44 99 0 0 97 15 0 83 0 5 35 0 43 0 86 90 0 75 0 44 9 25 0 0 38 63 23 0 21 82 0 87 12 98 48 9 44 0 63 0 0 18 0 0 16 50 9 46 59 33 7 0 18 0 24 46 0 80 66 25 87 87 46 57 0 95 0 55 0 95 36 97 0 11 0 41 84 42 0 10 69 82 0 49 22 87 0 0 58 94 90 0 82 0 89 5 100 64 51 65 73 60 9 56 57 64 0 94 70 0 37 0 55 44 15 50 0 40 13 5 85 5 62 86 27 90 0 61 0 23 69 79 0 50 30 35 0 78 48 0 0 35 60 73 61 89 75 60 62 
97 0 35 84 36 98 16 98 0 0 43 0 0 51 30 54 17 0 29 100 64 37 87 22 90 84 17 25 2 98 0 30 69 0 9 0 81 0 0 72 85 39 92 18 11 0 18 0 97 15 0 84 0 0 59 85 0 80 22 52 0 0 28 73 69 0 52 5 0 91 0 42 51 0 56 28 1 51 91 0 9 0 88 15 0 94 98 0 52 78 2 27 74 0 89 0 38 0 0 18 58 53 74 42 68 39 0 45 56 40 28 81 87 10 53 0 88 78 0 7 43 22 29 90 0 0 67 4 63 13 83 1 77 37 5 0 68 83 44 20 93 8 0 87 26 0 46 0 69 0 
25 66 0 37 27 58 28 0 33 27 78 96 57 64 24 0 5 25 59 52 93 99 19 64 0 53 55 92 24 35 84 90 14 0 30 13 66 71 11 0 0 75 14 57 86 4 96 91 8 72 82 0 22 56 16 12 51 83 30 59 79 86 38 78 6 1 98 97 0 53 29 54 14 24 35 79 41 95 40 7 0 54 71 100 85 0 0 11 97 95 0 0 74 36 5 38 0 46 54 60 50 60 76 41 31 0 11 48 0 86 39 65 23 65 81 0 1 30 0 96 0 0 0 63 0 71 31 61 0 1 17 49 14 48 48 44 0 72 63 28 90 0 33 62 12 2 39 13 0 41 
71 51 0 27 54 4 8 5 0 98 24 93 0 23 0 54 98 60 0 24 12 55 35 0 36 63 31 0 24 93 92 8 79 0 15 0 4 15 45 43 50 54 71 0 58 55 0 31 72 0 0 90 80 11 13 18 7 49 11 36 90 0 37 74 50 18 19 71 14 0 65 0 66 44 0 5 10 16 96 63 58 4 0 0 34 28 0 31 52 69 0 8 59 0 100 0 46 0 0 42 54 9 60 14 98 57 22 44 5 17 4 91 71 0 76 34 0 38 0 0 18 94 26 61 33 72 38 5 92 0 59 83 0 20 48 9 22 0 23 57 96 0 13 48 91 86 0 0 83 0 
84 82 53 73 0 60 13 38 8 86 44 15 0 90 87 28 73 32 74 0 89 8 64 63 26 77 27 56 0 86 77 95 0 14 89 93 49 8 89 0 0 8 33 0 0 62 48 7 89 53 66 0 70 93 0 32 78 72 0 47 50 0 18 95 11 31 67 0 77 15 0 73 69 17 60 94 29 0 52 0 37 38 0 3 98 0 67 0 57 31 64 92 0 0 64 0 54 0 0 37 22 72 58 0 0 8 77 37 0 52 0 63 0 27 11 91 92 0 0 59 69 33 12 0 12 4 47 0 55 64 19 0 35 87 45 12 9 100 0 0 0 3 7 65 100 96 50 0 87 94 
0 76 97 40 32 36 27 0 93 30 84 13 84 68 12 36 33 11 69 32 65 60 95 0 88 91 11 62 99 0 83 0 78 47 0 8 96 0 32 29 64 16 27 36 22 67 78 99 66 66 0 54 11 50 53 0 0 86 52 0 27 44 40 11 0 13 0 0 43 21 31 0 48 86 6 4 15 82 47 45 12 86 0 5 34 97 78 23 98 0 60 0 0 1 51 18 60 42 37 0 11 100 0 80 6 0 53 40 33 10 5 75 84 64 0 74 68 10 96 63 12 2 100 0 77 0 0 94 0 32 5 0 34 95 62 15 53 65 18 20 89 0 58 56 42 90 55 93 77 72 
8 89 75 25 33 22 77 83 97 42 99 0 52 61 32 23 72 38 79 61 3 45 12 0 13 87 16 3 21 12 58 0 1 0 0 0 0 53 40 91 36 98 30 0 30 81 0 61 1 44 0 47 17 0 0 9 97 49 0 2 48 94 34 0 2 2 0 59 20 17 17 23 84 0 94 28 44 0 50 56 77 46 0 74 17 64 35 0 92 0 43 39 3 0 65 58 50 54 22 11 0 77 38 71 30 59 30 90 9 62 4 69 30 2 51 29 19 35 6 12 37 81 0 71 24 46 50 0 1 94 0 82 8 78 73 0 20 0 52 0 15 96 13 0 47 25 14 60 0 8 
9 33 19 0 34 0 24 0 99 0 63 65 3 0 0 32 96 36 99 0 62 0 0 7 1 0 23 0 83 15 37 80 78 18 21 78 89 0 20 34 99 99 0 0 92 58 96 5 57 15 0 76 50 37 3 77 34 26 0 1 49 45 0 100 0 34 29 0 0 97 30 83 48 27 42 87 73 37 44 47 39 2 70 46 97 0 0 0 0 13 71 49 93 9 73 53 60 9 72 100 77 0 94 93 18 0 98 100 25 56 0 50 0 0 8 65 68 81 62 65 14 68 0 73 0 49 77 100 93 28 72 67 30 0 9 1 58 67 43 0 90 60 74 12 49 0 86 70 0 0 
0 0 51 75 59 80 66 47 90 76 34 28 0 63 0 74 85 0 0 0 0 67 73 0 0 55 24 5 97 0 19 0 0 32 92 57 0 54 0 73 56 37 27 37 13 45 0 96 0 0 38 41 0 29 69 34 24 18 10 0 45 0 69 9 0 53 0 68 93 44 83 0 10 0 17 0 19 41 94 0 100 31 0 51 51 0 0 37 4 44 84 0 22 47 60 74 76 60 58 0 38 94 0 18 14 0 94 78 0 16 81 0 25 0 83 95 20 8 21 0 28 0 0 62 0 35 25 12 72 78 22 75 29 18 98 91 66 52 0 67 5 0 49 69 32 87 57 13 18 74 
28 2 72 0 67 81 74 99 54 0 0 46 0 72 0 0 0 37 79 76 94 0 54 33 0 89 52 91 0 18 0 12 0 91 19 80 39 85 88 9 89 67 40 18 47 43 85 0 85 95 30 55 0 88 0 1 86 42 4 75 37 0 7 18 100 96 95 0 10 8 0 67 0 3 0 93 0 61 12 18 39 55 82 54 0 0 54 91 35 0 0 63 71 25 9 42 41 14 0 80 71 93 18 0 94 77 0 15 0 88 66 51 25 0 54 93 34 0 0 69 83 22 0 0 0 53 0 6 62 49 17 83 77 72 0 18 61 0 62 0 23 10 34 33 0 0 42 10 94 71 
67 0 0 79 56 39 72 59 0 74 59 67 0 0 8 59 3 97 71 3 0 1 9 0 3 0 71 65 79 65 0 52 68 0 0 91 0 0 60 0 66 20 0 67 0 74 0 60 0 69 17 2 40 0 0 0 68 96 63 23 62 3 7 0 0 0 41 37 28 0 72 0 86 0 60 0 74 13 0 95 0 31 62 0 0 0 58 41 0 90 92 33 63 65 56 68 31 98 0 6 30 18 14 94 0 0 4 89 0 97 0 63 0 0 47 0 8 82 0 58 0 20 68 17 0 20 16 79 0 55 47 61 0 0 57 54 50 40 14 0 56 39 48 71 69 55 20 33 27 57 
51 14 45 80 34 65 59 94 48 2 47 0 0 63 49 5 0 43 83 89 59 10 70 17 9 0 80 0 7 0 0 22 53 15 74 44 74 0 18 56 43 41 86 0 8 69 0 0 40 58 80 10 95 83 96 0 74 59 0 67 24 0 0 61 0 91 0 0 37 78 78 78 44 25 17 52 61 0 0 44 41 0 0 0 83 92 93 94 26 64 0 2 0 52 57 39 0 57 8 0 59 0 0 77 0 0 32 4 38 0 51 10 42 78 0 87 56 73 20 96 90 100 8 8 0 0 64 77 59 0 74 29 45 21 0 0 0 0 0 76 42 42 98 18 93 42 18 95 80 0 
0 18 65 47 33 95 3 53 75 0 42 27 94 40 0 7 0 31 0 17 0 96 0 0 97 79 51 9 0 8 0 86 1 0 55 3 0 88 54 84 8 41 95 70 91 20 0 46 72 48 80 1 0 62 34 62 97 9 65 0 0 14 33 0 0 70 81 21 0 0 0 37 36 8 0 54 0 63 0 72 0 35 79 54 90 68 0 23 0 32 34 61 32 65 64 0 11 22 77 53 30 98 94 0 4 32 0 11 11 57 83 0 7 0 95 0 73 90 0 0 50 0 94 0 0 56 25 40 0 5 21 60 78 0 0 13 0 85 21 26 10 40 10 96 0 30 54 72 45 0 
95 68 0 100 10 4 15 0 20 85 66 31 41 39 77 39 28 50 92 6 0 12 88 60 0 0 41 77 3 0 0 63 17 37 6 7 60 1 62 39 42 65 0 0 88 6 66 70 28 0 29 0 5 15 0 55 0 14 0 33 66 48 90 40 29 23 74 0 48 99 100 58 66 26 26 47 51 0 12 10 96 15 0 0 6 13 99 41 53 6 97 99 77 0 0 45 48 44 37 40 90 100 78 15 89 4 11 0 2 0 83 54 0 0 14 17 76 81 90 25 33 11 0 0 24 9 68 40 0 0 0 79 46 22 0 15 5 95 15 91 56 63 29 38 12 91 50 31 0 90 
2 88 99 73 97 40 0 28 96 43 83 42 5 56 0 48 0 3 0 15 0 3 3 60 62 0 91 0 0 44 9 14 0 75 92 0 30 79 46 0 0 44 30 35 0 6 0 0 62 15 55 64 53 0 64 13 33 90 24 50 57 93 0 59 0 21 78 31 0 0 20 0 24 58 0 8 17 29 0 3 0 83 89 0 5 0 78 40 29 82 31 0 46 47 94 56 0 5 0 33 9 25 0 0 0 38 11 2 0 93 97 46 63 2 73 66 65 90 91 16 24 91 53 0 41 86 53 0 83 17 34 39 42 53 33 18 100 94 42 11 72 20 13 21 77 44 0 35 87 21 
0 80 64 67 78 40 22 51 5 39 21 25 20 12 35 96 20 0 6 9 0 0 94 51 61 76 39 82 0 1 90 90 7 13 0 0 28 84 6 47 85 65 0 50 56 9 31 31 3 41 0 35 36 67 70 19 0 41 0 45 56 20 86 0 22 0 20 60 16 86 53 27 0 27 0 97 0 80 0 0 0 42 24 76 0 0 0 19 74 35 86 0 42 0 70 40 86 17 52 10 62 56 16 88 97 0 57 0 93 0 64 18 6 4 0 0 1 38 65 0 0 26 83 90 28 0 16 64 0 73 91 7 0 48 66 88 0 12 0 47 42 73 0 73 48 55 61 13 0 77 
61 100 0 33 94 0 100 9 86 0 78 62 12 44 80 51 13 75 30 34 1 58 53 61 75 39 26 97 12 68 0 17 0 24 58 19 0 84 55 31 54 0 4 65 1 55 13 49 42 15 96 67 67 0 82 62 67 9 6 99 65 100 83 0 68 0 0 100 77 64 5 18 55 86 15 20 36 80 0 44 21 16 85 0 52 91 16 92 52 0 0 97 31 39 0 28 39 4 0 5 4 0 81 66 0 51 83 83 97 64 0 4 69 0 78 1 12 0 0 72 0 0 63 34 77 0 72 68 0 0 93 45 0 0 0 77 36 16 0 25 58 0 0 89 40 39 0 16 92 19 
19 45 17 0 40 66 0 0 0 0 0 40 69 86 0 52 2 0 87 19 43 4 98 37 80 0 75 10 29 3 33 91 1 68 54 61 30 0 22 76 0 85 87 78 75 0 69 25 78 0 92 50 0 74 93 0 0 0 0 0 22 14 0 94 0 17 87 65 52 43 52 0 49 33 0 34 39 0 68 50 5 13 88 100 94 53 97 80 75 0 69 0 58 88 37 81 65 91 63 75 69 50 0 51 63 10 0 54 46 18 4 0 0 89 0 40 0 54 18 76 88 5 58 0 67 76 0 76 65 98 0 92 21 62 67 21 58 0 92 4 51 95 0 30 32 35 0 96 55 2 
80 89 46 63 0 23 73 1 0 76 86 18 5 69 97 21 0 13 81 0 91 60 0 42 5 21 57 26 95 0 19 18 0 0 0 54 60 0 44 13 79 0 79 0 53 56 0 50 0 13 1 21 0 86 37 99 0 64 0 68 9 87 92 18 48 53 96 0 76 41 33 41 23 19 25 12 32 39 41 7 0 0 27 100 0 91 54 0 16 0 6 1 15 83 0 87 23 71 0 84 30 0 25 25 0 42 7 0 63 6 69 0 0 0 42 0 16 25 19 0 3 40 100 0 55 36 27 2 6 98 48 49 0 19 73 56 0 100 54 40 48 26 96 0 70 0 34 17 51 28 
6 0 6 79 0 92 30 21 0 51 0 44 100 59 20 67 94 7 1 0 34 93 0 22 32 95 0 88 0 31 27 78 0 0 10 18 17 81 0 58 21 26 35 65 0 0 0 58 0 59 31 0 80 51 27 0 43 69 0 22 0 82 16 0 76 0 5 0 14 59 53 60 76 90 36 0 70 41 90 0 0 65 95 61 34 27 0 63 60 67 85 9 0 17 55 10 65 0 27 64 2 0 0 0 0 78 0 0 2 4 0 89 0 0 70 6 34 0 42 0 65 51 28 2 44 53 26 0 19 0 0 0 8 0 26 46 51 3 62 26 21 22 0 0 31 0 47 42 0 22 
3 91 6 54 92 23 65 0 62 17 98 46 0 54 71 95 65 10 78 45 40 84 91 48 68 92 0 0 22 53 35 100 88 37 6 85 63 67 57 8 0 100 85 70 98 0 0 73 91 49 0 28 5 42 0 19 0 93 1 0 0 66 50 8 42 0 33 40 90 100 67 65 0 14 37 0 0 0 19 0 0 0 22 0 0 5 41 11 28 94 24 45 77 26 44 53 81 76 11 0 51 8 83 54 47 0 95 14 73 0 78 0 42 70 0 0 15 0 20 9 0 99 0 94 13 20 0 46 14 87 0 0 17 61 46 13 0 40 0 33 29 8 80 22 0 0 84 26 0 94 
1 20 0 97 47 98 24 10 4 81 96 81 52 0 43 0 0 67 81 32 3 90 0 62 34 4 0 0 14 43 53 0 53 9 70 0 65 51 33 0 94 64 21 13 58 40 56 0 0 14 40 73 0 51 32 0 0 0 51 64 9 69 60 13 0 0 44 26 81 58 0 87 37 0 8 66 79 0 79 0 89 84 95 88 0 0 72 0 0 31 0 24 0 67 15 0 0 34 91 74 29 65 95 93 0 87 0 17 66 0 1 40 0 6 0 0 0 70 51 1 37 71 66 39 51 11 10 41 0 0 67 20 92 50 77 39 87 44 65 11 20 60 82 92 32 89 0 0 93 35 
100 99 66 2 0 87 45 65 0 27 71 97 0 0 68 55 30 0 10 6 81 65 0 99 28 0 15 8 66 59 73 63 76 0 19 21 96 47 76 0 18 100 0 25 44 0 77 0 0 100 97 0 23 60 0 0 93 28 66 71 17 3 14 8 89 27 63 0 0 41 18 59 84 14 0 77 0 25 0 11 0 31 46 11 55 59 0 54 38 52 28 100 62 6 50 88 1 0 92 68 19 68 20 34 8 56 73 76 65 1 12 0 16 34 15 0 0 3 17 95 17 70 93 6 0 28 37 16 24 0 4 66 0 31 4 72 0 9 74 32 49 53 0 80 35 87 40 0 0 90 
89 72 91 99 4 22 5 0 14 0 0 58 21 8 88 59 48 63 39 87 49 0 39 84 89 25 0 39 0 88 48 85 60 14 74 22 0 9 60 49 51 54 91 0 46 0 68 90 4 88 30 64 2 0 59 0 89 83 37 49 0 57 25 81 70 58 24 76 38 35 0 34 82 58 0 40 23 19 53 13 67 0 80 0 34 49 0 69 62 37 0 44 2 0 0 78 30 38 0 10 35 81 8 0 82 73 90 81 90 38 0 54 25 0 0 70 3 0 0 41 36 0 55 36 77 45 0 0 72 30 53 0 0 0 60 81 61 29 69 0 81 91 0 20 62 4 66 84 0 80 
46 0 0 65 54 93 7 58 87 0 74 17 2 78 0 7 54 30 0 81 26 16 44 0 62 6 37 45 32 0 63 0 37 0 56 35 45 28 83 9 24 0 59 0 61 4 35 89 57 94 92 0 27 46 67 9 87 65 6 79 0 100 0 0 84 0 0 0 95 0 0 4 0 85 94 18 33 0 91 0 95 92 38 85 0 75 20 78 38 17 80 46 35 0 40 0 0 0 0 96 6 62 21 0 0 20 0 90 91 65 0 18 19 42 20 51 17 0 0 44 0 7 36 56 0 95 67 33 0 0 21 13 0 0 4 0 0 61 61 17 1 34 0 62 10 67 82 79 67 25 
5 8 35 48 0 13 73 0 96 30 0 26 50 93 21 0 74 72 77 99 42 22 81 0 0 0 0 9 82 85 40 62 23 5 0 56 0 26 0 2 45 40 0 0 0 55 12 50 0 15 100 62 54 93 32 59 36 46 88 30 0 85 67 79 0 45 90 18 97 86 0 46 0 0 71 97 92 9 0 39 0 45 33 93 92 38 67 24 0 54 32 87 34 64 13 7 96 0 59 63 12 65 0 69 58 96 0 25 16 0 72 76 0 0 9 1 95 41 44 0 69 88 0 1 0 84 48 74 84 89 34 41 3 28 30 93 17 79 14 95 0 2 10 68 33 66 35 0 72 54 
68 51 80 0 49 23 21 87 85 57 69 0 0 73 0 10 20 70 0 89 61 59 0 78 90 0 29 0 0 0 80 0 96 41 27 80 0 0 24 82 90 78 53 16 19 65 0 24 37 32 72 76 27 12 70 0 81 0 45 79 0 79 17 0 26 55 9 35 100 0 48 82 48 0 79 0 51 2 88 26 55 95 35 93 62 9 77 10 93 23 62 52 0 59 5 43 0 18 69 12 37 14 28 83 0 90 50 33 24 0 0 88 3 65 0 37 17 36 0 69 0 0 0 75 0 51 11 87 9 71 0 0 43 0 46 0 59 47 0 18 8 73 51 31 0 29 0 0 49 54 
74 0 8 40 2 77 78 0 12 65 70 33 65 56 20 0 33 68 85 25 26 82 0 78 0 94 48 0 39 0 0 30 96 83 69 42 80 12 51 0 92 48 66 17 0 0 3 15 31 88 0 35 24 91 43 2 0 60 2 0 28 0 26 0 47 0 76 76 43 38 0 78 36 95 21 59 24 97 0 43 63 0 92 30 58 37 40 59 0 0 0 3 14 36 85 22 0 94 33 2 81 68 0 22 20 100 0 11 91 26 0 5 40 51 99 71 70 0 7 88 0 0 77 43 63 97 38 37 8 88 21 0 76 74 95 20 97 30 28 0 75 61 57 36 60 59 51 41 0 19 
21 47 48 80 0 31 84 26 0 57 64 0 65 2 50 39 70 0 39 46 78 47 61 90 61 86 49 53 0 74 1 0 5 0 77 73 0 30 38 16 90 96 55 38 55 27 13 0 53 95 17 0 31 38 0 52 97 26 0 98 7 4 0 66 23 27 38 54 48 61 49 3 0 0 0 0 0 13 68 13 97 0 85 78 16 90 83 4 74 82 0 64 94 13 5 29 0 26 12 100 0 0 0 0 68 8 94 0 53 83 63 58 100 28 0 66 93 55 36 0 0 77 0 46 0 20 25 29 0 61 51 0 30 13 51 85 55 6 0 64 98 74 0 0 100 0 3 0 0 28 
30 23 45 0 48 0 58 71 47 26 8 91 76 63 12 0 68 19 22 13 90 0 0 0 0 0 0 40 91 0 87 0 73 0 50 42 91 69 53 23 31 40 0 14 56 0 9 14 27 10 39 64 39 0 23 69 0 79 33 68 66 91 9 0 4 99 87 4 26 0 0 15 0 36 62 0 82 24 0 0 62 71 26 4 94 23 0 67 59 37 0 30 13 0 62 90 63 61 0 0 71 73 62 0 17 8 0 0 0 90 34 0 0 2 94 39 6 36 56 1 75 43 46 0 78 22 100 0 0 22 61 76 73 23 9 55 0 0 64 0 50 0 94 26 80 64 0 53 0 40 
52 97 98 0 94 85 3 65 0 85 98 99 8 69 0 73 0 89 35 0 0 71 59 19 0 32 0 69 59 0 55 77 0 98 60 24 16 90 0 12 65 78 0 70 56 55 71 74 34 82 0 73 0 13 69 0 84 6 87 16 56 48 95 28 0 40 0 0 51 95 0 74 0 77 88 19 23 18 6 25 0 63 64 36 43 0 51 0 47 48 14 90 56 16 86 0 0 33 12 77 24 0 0 0 0 0 0 24 41 28 77 67 55 44 13 51 0 77 0 0 0 63 0 78 0 24 26 64 1 48 59 0 0 45 0 68 67 14 12 85 84 0 83 0 77 62 0 84 0 40 
49 0 74 44 43 80 5 34 53 0 97 0 0 7 62 0 92 0 0 93 61 47 84 30 37 53 0 36 33 69 0 56 57 76 88 64 92 92 55 0 12 0 80 22 11 53 82 95 67 72 83 63 25 0 16 0 0 99 84 85 97 56 0 0 0 0 0 0 4 4 44 27 0 67 53 23 0 27 13 97 10 59 0 0 24 57 0 0 0 51 21 35 22 0 27 0 71 72 4 0 46 49 35 53 20 0 56 9 86 0 0 76 36 53 20 11 28 45 95 84 51 97 20 22 24 0 7 0 84 84 36 4 0 69 100 0 95 0 0 20 24 76 0 57 87 0 0 0 0 69 
26 71 64 0 0 71 91 85 62 6 68 30 79 21 0 81 74 0 60 11 0 0 92 33 53 0 59 45 0 32 98 30 0 0 69 51 17 13 0 82 3 45 24 82 50 69 91 0 0 98 22 69 55 15 0 0 49 10 95 57 88 1 80 34 60 33 52 0 0 0 85 47 53 99 80 77 81 76 31 0 46 9 78 63 10 6 0 77 33 72 59 20 29 0 90 67 31 38 47 0 50 77 25 0 16 64 25 68 53 16 72 0 27 26 0 10 37 0 67 48 11 38 25 100 26 7 0 0 41 80 99 48 43 23 0 57 30 68 31 0 0 0 98 0 24 13 0 16 52 60 
44 69 1 0 59 84 53 0 57 62 32 23 20 13 17 14 0 0 46 17 72 91 89 0 80 10 81 64 31 91 0 0 11 30 88 36 49 84 0 61 0 33 0 43 48 30 12 0 0 33 85 78 28 95 1 10 0 0 14 88 53 52 71 9 61 2 41 0 96 0 10 37 0 34 18 74 90 0 65 19 2 7 0 88 42 99 28 3 0 55 0 15 0 8 0 4 61 5 0 94 0 100 12 6 79 77 40 40 0 64 68 76 2 0 46 41 16 0 33 74 87 37 29 0 64 0 0 0 76 0 0 0 22 65 22 0 0 12 58 0 0 0 44 52 0 82 8 22 62 42 
7 1 80 47 0 61 52 74 74 69 93 0 92 68 34 57 7 38 28 94 11 67 11 0 98 80 22 23 43 65 13 95 79 82 0 30 61 15 63 100 86 73 53 94 1 83 46 77 25 0 94 93 44 89 77 54 29 59 15 92 15 11 34 31 0 97 0 95 71 0 0 74 100 0 0 55 66 60 98 0 0 83 45 30 18 42 78 9 46 0 15 0 1 23 61 63 0 92 55 0 1 93 72 62 0 59 0 0 83 0 0 65 6 19 14 0 24 72 0 84 9 8 0 0 1 84 41 76 0 0 0 0 0 2 11 70 0 0 100 0 62 0 0 0 8 28 23 0 2 27 
96 41 0 77 26 93 64 66 0 0 0 9 15 0 84 81 27 0 32 41 41 99 35 23 0 0 94 0 0 0 99 58 0 0 44 4 45 63 41 54 0 89 56 29 73 0 45 44 70 0 49 62 19 0 100 3 0 9 0 28 98 37 81 20 0 12 0 0 0 24 0 6 97 79 95 0 48 0 0 44 84 0 88 44 23 4 84 86 47 77 27 55 25 13 0 13 1 0 64 32 94 28 78 49 55 0 5 0 17 73 0 98 98 0 87 0 0 30 0 89 71 88 61 22 48 84 80 0 0 0 47 84 40 8 36 37 0 0 0 0 52 66 46 11 81 17 0 35 20 54 
5 75 95 20 28 0 0 24 0 19 24 72 55 26 6 95 28 89 34 46 0 40 18 0 0 11 0 14 33 30 65 95 75 0 39 89 63 21 0 79 0 91 0 10 27 25 0 20 64 0 0 0 40 97 0 58 0 27 55 37 25 3 0 0 78 19 0 44 1 58 8 86 85 10 76 41 0 6 0 99 90 53 63 31 57 0 80 69 41 88 51 84 0 55 23 83 17 59 19 5 0 72 22 17 47 74 21 0 34 91 93 0 48 0 0 67 4 53 21 34 0 21 51 61 59 36 99 0 0 47 0 71 16 3 33 96 27 58 53 85 0 20 87 83 66 49 0 0 42 45 
28 0 5 63 44 65 74 0 51 100 0 0 71 12 0 19 0 36 66 0 0 0 64 68 0 0 83 69 0 50 19 0 56 0 52 56 30 13 27 16 0 67 42 69 0 95 33 11 0 52 95 0 83 18 17 23 28 10 70 12 52 83 58 85 86 91 0 97 63 9 22 60 71 17 76 80 3 85 0 73 63 0 54 58 90 62 0 100 0 68 17 58 0 34 69 1 49 83 0 0 82 67 75 83 61 29 60 79 39 7 45 92 49 0 0 20 66 0 13 41 0 0 0 76 0 4 48 0 0 84 71 0 58 40 62 39 43 99 54 7 74 90 45 0 98 0 56 0 86 86 
100 38 97 20 34 0 67 0 74 55 73 100 50 94 0 0 6 88 0 42 87 30 1 61 0 9 0 61 5 11 94 95 24 6 44 0 14 44 46 35 17 0 38 23 1 0 0 0 0 0 15 12 16 84 95 98 33 92 0 28 0 98 13 52 65 0 0 89 99 7 24 3 16 15 28 6 58 0 0 28 33 10 43 1 35 93 62 0 97 0 84 55 65 3 79 77 14 0 35 34 8 30 29 77 0 45 78 46 42 0 0 21 0 8 17 92 0 0 0 3 43 76 30 73 0 0 43 22 0 40 16 58 0 62 86 0 29 94 14 0 0 77 11 52 0 78 0 76 20 29 
94 87 34 41 0 42 55 25 63 50 43 75 50 12 57 0 51 35 97 0 82 71 100 0 4 41 10 85 0 0 82 0 72 16 61 51 4 0 12 46 30 0 86 38 81 1 24 40 18 4 84 0 97 0 68 0 48 0 48 35 8 22 17 0 66 53 0 47 99 35 76 19 80 5 94 26 0 82 73 48 12 76 0 39 0 43 44 0 2 97 0 80 0 84 0 37 48 20 87 95 78 0 18 72 0 21 0 22 53 48 0 62 19 0 61 50 31 0 0 28 0 74 13 23 45 69 23 65 2 8 3 40 62 0 27 9 22 73 8 19 98 13 0 16 1 7 91 91 0 68 
1 6 28 0 0 44 57 80 44 86 10 45 95 0 86 53 81 0 0 62 55 80 61 0 67 36 54 44 78 72 64 30 68 31 48 59 40 50 34 98 39 47 57 96 42 65 49 56 22 75 1 19 0 39 35 71 50 88 32 12 9 0 69 52 0 0 99 0 0 0 45 21 61 61 84 0 9 90 0 74 75 70 18 69 90 53 87 0 46 65 6 0 82 0 50 5 48 48 45 62 73 9 98 0 57 0 0 0 33 66 0 67 73 26 46 77 4 60 4 30 46 95 51 9 0 100 0 22 11 36 33 62 86 27 0 12 84 66 3 32 81 0 29 16 25 0 0 51 56 0 
39 12 0 49 0 44 33 0 86 79 21 29 0 36 5 22 63 0 33 45 99 99 44 0 15 63 2 97 63 94 0 26 39 19 70 0 0 30 0 92 41 0 5 0 0 0 0 60 48 16 81 0 99 52 44 67 0 28 9 89 10 4 85 80 16 76 0 0 52 0 94 85 89 5 51 0 29 10 57 36 0 4 44 37 0 75 0 88 0 38 0 0 98 0 30 0 44 9 12 15 0 1 91 18 54 0 13 15 18 88 77 21 56 46 13 39 72 81 0 93 0 20 85 55 68 0 57 0 70 37 96 39 0 9 12 0 15 72 0 50 0 0 41 0 91 0 50 0 25 28 
45 47 77 0 2 66 28 6 18 99 45 22 0 0 55 0 49 14 0 0 43 19 83 51 79 0 85 72 39 0 66 0 63 22 48 72 0 94 96 41 100 0 71 0 62 69 53 20 38 77 78 67 39 9 0 88 0 35 71 95 75 20 82 0 88 15 22 0 92 26 97 93 71 57 0 54 0 46 52 85 0 24 32 82 88 0 39 0 54 52 91 15 56 68 35 68 0 22 9 53 20 58 66 61 50 0 0 5 100 0 36 58 0 51 0 87 0 61 0 17 59 97 55 0 67 95 30 0 0 0 27 43 29 22 84 15 0 13 51 0 0 65 0 29 95 5 0 55 34 0 
94 71 57 0 0 52 98 0 0 39 86 53 0 11 29 87 36 45 0 66 27 42 67 47 0 7 0 54 1 93 9 22 9 68 0 4 55 44 57 0 0 0 37 36 96 49 0 0 77 66 31 68 71 14 79 36 91 12 1 86 0 80 31 60 52 29 62 15 34 48 76 0 0 34 0 0 81 87 82 34 85 0 89 19 0 97 54 58 0 88 45 56 28 86 0 83 72 0 100 65 0 67 52 0 40 0 85 95 94 12 16 0 100 3 40 44 9 29 61 79 47 30 6 0 14 0 68 12 0 0 58 99 94 73 66 72 13 0 0 48 0 14 0 92 90 9 0 57 39 0 
94 71 59 49 0 75 79 83 0 28 0 96 28 42 45 0 0 0 0 16 0 53 7 0 0 0 92 0 0 42 45 85 0 0 90 0 81 60 100 54 56 8 80 59 33 33 94 32 56 77 29 0 2 78 7 97 5 87 16 84 32 56 0 0 63 7 51 57 0 8 0 0 22 0 79 57 92 67 43 26 36 48 43 0 53 12 81 64 69 68 12 21 32 0 78 44 63 23 0 18 52 43 0 62 14 0 21 15 42 0 0 92 54 62 0 65 74 69 61 14 0 28 0 64 12 0 31 58 100 0 53 54 14 8 3 0 51 0 0 8 22 77 70 51 51 9 37 79 1 59 
50 69 26 7 54 89 19 52 0 13 4 4 63 96 75 30 40 52 0 0 100 0 58 0 54 0 91 91 90 65 0 92 16 12 62 92 97 74 77 64 0 16 45 0 65 0 74 93 34 0 45 40 67 18 61 22 93 3 67 58 0 51 68 100 61 0 97 36 72 16 91 0 65 0 0 84 33 72 59 0 92 82 43 91 1 0 39 10 40 0 80 0 83 83 48 20 28 57 0 20 0 0 67 0 0 76 26 91 11 47 25 4 40 26 33 11 32 0 17 95 18 0 64 0 85 20 0 0 0 0 85 7 0 19 32 50 0 48 8 0 71 0 3 99 11 0 83 0 0 0 
59 85 96 69 28 0 0 96 22 84 50 11 1 84 54 64 47 61 41 0 28 33 52 25 0 78 12 96 0 49 87 74 0 0 0 0 11 94 81 88 0 86 0 0 25 88 97 100 52 48 37 67 37 12 44 18 0 30 64 53 54 0 0 0 73 50 7 99 0 29 85 41 77 3 0 44 0 25 0 24 0 94 80 0 23 35 85 33 93 27 45 0 89 0 0 93 90 96 0 89 15 90 5 23 56 42 10 56 72 42 58 51 48 21 29 20 49 81 1 0 8 75 98 50 84 24 0 0 62 52 0 74 0 98 81 0 0 0 22 71 0 0 4 37 5 16 7 100 83 21 
8 81 62 0 0 22 12 0 44 20 0 6 15 89 53 41 17 33 14 98 0 23 90 19 88 22 4 77 59 58 61 0 98 0 49 98 7 0 18 0 71 0 100 0 76 93 0 0 67 0 0 3 0 29 83 93 97 7 0 37 59 0 0 0 63 89 23 0 0 37 0 0 62 85 29 0 87 44 49 74 32 95 2 22 50 19 61 14 45 23 44 62 33 0 0 8 0 0 3 0 96 60 0 10 39 42 40 63 20 73 0 95 26 22 8 60 53 91 34 2 73 61 74 0 0 76 0 0 0 66 20 90 77 13 0 0 65 14 77 0 0 0 86 0 70 31 19 58 0 12 
6 95 87 15 11 50 0 66 50 12 100 82 67 43 40 72 5 4 0 58 0 0 61 29 0 0 61 14 24 3 0 39 39 10 10 24 15 0 1 54 83 1 50 41 61 33 19 55 30 53 25 7 0 32 57 43 0 0 57 0 67 17 97 22 84 90 97 21 0 51 46 10 26 27 27 50 73 86 79 48 95 53 0 22 40 49 0 0 0 0 30 0 22 81 35 0 33 13 7 58 13 74 49 34 48 98 10 29 13 0 0 0 96 0 80 82 0 0 0 10 51 57 0 94 83 0 98 44 0 46 87 45 11 0 29 41 0 0 70 3 4 86 0 56 0 0 0 17 0 0 
79 91 59 40 0 74 0 69 81 67 10 0 85 62 57 0 0 0 100 0 43 0 95 57 99 38 80 0 0 46 0 0 13 0 2 19 94 0 0 76 3 38 12 95 83 100 4 64 8 68 39 45 52 61 18 0 59 29 0 51 38 13 41 24 83 92 72 99 14 18 29 96 33 2 91 0 0 85 0 93 87 51 47 0 41 38 39 10 8 73 19 21 40 0 60 87 62 48 65 56 0 12 69 33 71 18 96 38 21 73 89 30 0 0 22 92 80 20 62 68 31 36 0 26 0 57 0 52 0 11 83 0 52 16 16 0 29 92 51 99 37 0 56 0 32 39 44 0 20 0 
71 79 85 9 88 75 91 6 0 40 91 11 63 88 97 43 80 20 23 54 47 36 56 67 84 50 0 0 0 0 63 28 27 48 85 71 52 17 13 65 40 19 2 0 17 74 77 72 0 0 0 68 33 92 56 46 46 0 60 84 9 20 0 63 92 0 89 81 19 19 27 0 90 0 97 95 0 66 86 85 23 87 86 16 1 0 0 0 0 47 18 30 0 50 73 26 12 91 100 42 47 49 32 0 69 93 0 12 77 48 40 32 70 31 0 32 35 62 10 33 0 60 100 80 77 87 24 0 8 81 66 98 0 1 25 91 95 90 51 11 5 70 0 32 0 13 0 86 100 0 
0 76 10 69 50 31 86 31 7 0 32 58 0 34 50 82 60 0 58 65 0 46 44 0 97 55 0 0 29 44 38 12 70 0 44 75 30 0 36 0 87 22 4 38 0 85 46 0 53 13 0 33 97 16 91 85 64 46 0 16 12 47 0 3 92 0 8 48 53 94 92 59 76 64 6 52 82 29 3 11 46 45 94 20 19 94 67 0 0 0 0 14 0 1 61 0 2 86 96 90 25 0 87 0 55 42 30 91 44 55 39 35 0 0 0 89 87 4 67 66 29 59 0 64 62 0 13 82 28 17 49 0 78 7 0 0 5 9 9 0 16 31 0 39 13 0 24 77 62 0 
25 0 0 0 71 67 39 10 90 70 11 11 59 65 0 22 0 81 64 27 95 0 99 0 0 24 33 8 85 78 12 59 0 40 94 78 25 0 32 61 72 14 0 65 82 75 0 0 65 7 49 0 0 4 0 73 0 57 33 60 85 0 80 0 58 0 48 35 20 77 0 0 0 0 19 2 0 0 82 6 20 0 83 27 0 7 0 34 0 72 90 78 0 0 89 46 39 0 50 55 14 86 57 42 20 18 54 50 0 61 0 0 34 47 84 0 40 66 82 35 0 51 3 0 0 0 0 8 23 0 0 56 0 91 0 50 0 0 37 83 7 19 0 44 0 24 0 39 33 0 
69 19 68 0 75 92 30 0 67 24 0 79 0 0 25 5 0 42 63 28 90 64 41 55 41 90 54 55 0 86 21 87 74 85 0 71 0 0 56 92 72 43 0 85 57 38 25 40 45 49 0 13 85 43 78 12 0 42 30 90 0 38 0 0 54 53 77 35 0 32 64 31 4 92 0 16 32 20 15 0 81 21 0 21 13 49 65 35 0 47 62 0 35 25 75 0 13 0 0 93 60 70 13 10 33 95 72 31 35 13 16 96 17 42 26 0 0 84 79 0 0 41 0 53 84 0 16 22 0 35 0 0 76 91 51 0 55 57 79 0 100 58 17 0 86 77 39 0 42 27 
41 1 59 70 87 24 0 24 0 54 46 55 4 0 43 0 87 12 59 16 29 41 62 60 83 13 77 15 0 49 75 39 85 61 12 0 9 49 47 62 24 0 99 0 59 43 17 46 68 51 72 0 52 69 55 24 0 23 3 0 23 100 8 35 48 47 59 0 62 93 97 42 55 99 22 77 75 75 49 1 66 45 39 0 0 10 70 15 23 0 2 33 62 91 60 69 0 83 87 77 0 0 18 94 27 80 45 0 87 0 92 55 51 0 0 93 0 0 67 72 49 0 0 0 0 0 52 62 2 20 42 86 20 0 56 25 34 39 1 0 83 0 0 20 100 62 33 42 0 0 
21 0 77 42 68 21 49 98 74 28 0 60 20 43 63 85 0 0 0 94 65 30 95 84 51 0 72 0 1 100 0 31 0 92 0 97 0 34 0 76 0 45 72 11 76 0 20 38 26 26 0 47 52 96 0 43 57 0 0 42 3 20 5 0 51 0 94 93 92 8 22 0 14 32 78 95 60 39 28 21 98 71 14 0 90 82 0 29 10 22 96 0 84 26 62 0 41 0 94 72 8 0 74 71 57 0 0 90 21 77 19 2 28 22 94 35 90 80 25 54 54 19 28 40 40 69 60 42 27 54 45 86 29 68 0 28 0 0 59 0 21 12 0 0 0 0 0 27 0 0 
0 15 5 12 21 23 24 14 8 1 2 10 2 2 26 18 3 2 3 6 4 4 17 14 6 24 1 4 20 26 6 22 6 14 20 17 16 21 2 14 8 24 8 8 23 9 5 7 10 15 19 10 10 0 3 11 26 3 1 9 25 3 15 19 12 13 9 12 4 16 7 0 1 22 25 13 17 15 20 8 16 16 22 19 14 17 18 0 10 3 20 18 13 18 18 11 19 10 26 5 24 13 20 13 1 0 8 7 21 21 21 19 9 22 24 16 0 12 23 19 6 24 9 11 5 25 15 17 2 25 18 13 11 4 26 4 1 26 23 7 5 6 15 16 9 17 20 5 21 14 
