80 19
0 0 61 0 25 0 0 0 34 96 93 0 0 42 19 32 0 0 0 68 0 0 44 0 23 0 0 58 45 0 0 81 0 0 0 0 0 0 0 0 0 0 0 0 59 0 0 19 0 97 3 0 74 0 0 40 0 0 0 80 20 0 22 0 28 0 0 0 10 0 0 67 0 38 0 0 0 0 0 10 
0 0 6 0 0 0 0 82 83 0 0 0 0 0 5 36 0 0 0 0 63 0 0 52 45 0 0 36 0 0 84 73 0 0 0 0 5 25 0 0 0 0 13 0 0 24 0 0 0 0 20 0 44 0 0 33 0 0 72 23 68 0 0 0 0 49 0 0 0 0 27 0 0 0 0 0 0 0 0 96 
61 6 0 0 0 0 0 49 0 100 0 52 30 49 0 43 61 25 78 99 0 42 0 0 5 41 0 0 26 0 0 94 0 0 77 21 20 0 0 0 0 18 0 22 36 0 18 0 99 0 0 0 0 0 97 0 0 0 0 0 0 83 60 0 27 0 0 47 0 17 0 0 91 9 0 21 0 53 0 20 
0 0 0 0 0 37 27 0 81 0 0 30 0 0 44 0 0 0 91 29 87 91 1 0 0 0 0 0 7 0 32 55 92 0 0 2 0 0 0 82 15 0 44 0 0 0 0 0 0 3 0 0 0 0 44 0 83 15 0 0 0 0 17 0 100 0 62 0 0 0 0 0 0 0 0 52 0 75 0 0 
25 0 0 0 0 0 0 0 0 0 71 63 0 99 49 46 0 44 36 0 0 0 0 78 77 0 0 98 80 0 84 0 0 0 0 0 56 0 0 0 0 0 0 0 0 85 0 0 0 0 0 11 0 76 0 12 61 31 0 71 0 0 0 0 57 39 0 42 80 0 0 0 0 5 76 0 0 0 0 33 
0 0 0 37 0 0 19 84 0 0 22 0 0 0 0 0 0 0 0 0 0 0 0 0 0 0 0 0 82 0 0 0 0 0 62 0 45 0 96 0 85 0 91 91 0 0 34 0 0 0 0 0 83 0 0 0 0 55 0 35 0 0 0 0 30 0 0 0 0 0 0 0 60 27 12 15 67 0 26 0 
0 0 0 27 0 19 0 0 95 0 0 53 0 94 0 0 76 0 0 0 0 0 37 0 0 0 0 47 0 74 44 0 0 0 0 95 0 0 0 0 0 0 80 99 0 0 0 0 0 0 73 0 0 0 0 85 99 0 60 43 0 0 0 0 71 0 93 75 0 0 0 0 0 23 0 44 0 0 0 0 
0 82 49 0 0 84 0 0 0 0 0 0 0 0 0 25 0 0 4 0 91 0 0 80 0 0 0 0 0 27 51 0 63 0 0 0 0 0 88 0 0 0 0 100 0 0 15 0 0 0 0 97 0 0 0 0 0 0 0 0 67 27 77 39 0 0 0 99 23 0 71 0 0 0 32 0 50 36 16 0 
34 83 0 81 0 0 95 0 0 0 0 87 0 11 35 60 0 0 0 0 0 0 0 0 0 0 76 0 0 0 0 64 40 52 12 0 8 0 0 76 47 53 0 0 45 27 0 0 0 0 0 0 0 0 0 0 98 0 0 0 22 0 0 76 0 0 0 24 0 0 0 0 0 0 58 61 0 17 57 0 
96 0 100 0 0 0 0 0 0 0 0 85 86 34 94 0 0 0 74 0 78 0 11 0 0 39 81 0 0 0 0 0 20 53 0 12 0 19 57 0 19 0 0 0 0 0 0 0 30 0 9 0 0 0 0 44 0 0 0 0 0 0 80 45 0 0 0 0 0 40 0 0 0 0 0 0 0 91 0 0 
93 0 0 0 71 22 0 0 0 0 0 1 57 99 82 38 80 27 0 0 92 0 0 0 0 0 22 0 17 0 0 0 0 12 0 0 0 0 0 0 0 43 56 0 0 0 0 0 1 5 37 0 0 0 0 0 0 0 0 0 22 0 0 0 18 0 0 0 0 0 64 0 0 20 0 0 0 26 0 0 
0 0 52 30 63 0 53 0 87 85 1 0 0 20 0 0 87 28 0 27 29 0 0 0 31 0 0 41 0 32 0 40 18 12 65 0 0 42 37 0 75 0 8 3 16 0 0 0 0 31 0 0 0 0 0 0 72 0 0 0 69 0 0 27 0 0 0 0 0 31 69 0 49 33 47 0 34 0 0 19 
0 0 30 0 0 0 0 0 0 86 57 0 0 0 0 97 0 0 41 17 0 0 36 0 90 0 0 0 31 0 0 0 0 0 0 0 0 0 0 0 0 29 0 0 0 0 0 0 4 0 0 0 0 0 0 0 62 0 0 98 56 0 0 0 0 0 0 0 56 0 0 0 91 86 0 0 0 0 0 0 
42 0 49 0 99 0 94 0 11 34 99 20 0 0 99 0 0 0 48 0 0 0 0 0 0 0 0 0 38 0 36 0 24 51 0 0 0 73 0 0 29 71 29 23 75 0 26 96 0 74 0 0 0 81 55 0 0 0 0 82 0 0 0 0 0 0 79 58 28 0 0 0 0 0 0 0 0 0 0 95 
19 5 0 44 49 0 0 0 35 94 82 0 0 99 0 0 0 84 0 98 4 0 0 0 12 21 0 0 27 0 0 0 43 0 34 37 0 0 0 0 0 0 0 5 32 0 52 0 5 0 0 0 0 23 0 0 0 0 0 0 0 63 21 0 0 0 0 0 0 0 0 0 0 0 0 84 0 0 58 20 
32 36 43 0 46 0 0 25 60 0 38 0 97 0 0 0 0 0 0 0 0 0 0 0 39 0 30 0 0 0 28 0 0 41 29 0 0 71 63 0 0 24 0 0 0 0 0 0 84 0 94 0 0 0 0 51 11 0 37 0 0 39 16 90 0 0 0 0 11 0 86 41 0 0 45 0 0 0 0 58 
0 0 61 0 0 0 76 0 0 0 80 87 0 0 0 0 0 0 0 76 5 0 0 80 82 12 0 0 97 0 0 0 17 99 15 0 0 0 0 0 89 58 0 0 0 88 0 0 0 0 0 0 0 3 0 3 0 72 0 0 0 0 0 0 76 0 0 0 0 0 41 0 0 0 0 0 8 0 0 0 
0 0 25 0 44 0 0 0 0 0 27 28 0 0 84 0 0 0 26 0 0 11 0 0 0 9 0 15 0 55 92 0 0 11 53 0 0 0 0 0 0 0 93 78 0 21 0 96 0 0 0 95 0 0 0 35 37 0 0 0 30 50 0 0 0 50 0 0 0 0 0 0 0 0 0 0 0 45 58 34 
0 0 78 91 36 0 0 4 0 74 0 0 41 48 0 0 0 26 0 14 0 80 0 0 0 96 0 0 0 94 0 0 0 0 93 62 0 0 0 0 0 0 0 50 59 23 5 0 0 0 9 93 22 0 79 0 14 0 0 0 0 0 47 16 71 0 42 0 0 85 26 0 34 0 72 84 0 0 0 0 
68 0 99 29 0 0 0 0 0 0 0 27 17 0 98 0 76 0 14 0 0 75 0 0 0 0 0 0 0 25 0 73 9 0 0 0 0 0 0 0 0 0 50 48 0 75 83 0 0 0 0 0 0 0 0 26 0 0 0 45 0 0 0 0 0 0 30 0 0 0 0 58 88 97 89 0 0 0 0 0 
0 63 0 87 0 0 0 91 0 78 92 29 0 0 4 0 5 0 0 0 0 55 0 0 0 0 0 0 39 0 0 47 0 27 0 0 0 66 88 0 48 0 32 0 0 0 90 0 37 0 32 9 0 0 80 0 3 0 0 31 12 0 75 0 0 0 0 0 0 0 0 25 0 0 0 9 0 33 14 0 
0 0 42 91 0 0 0 0 0 0 0 0 0 0 0 0 0 11 80 75 55 0 29 0 0 0 29 19 0 0 0 23 0 0 0 0 0 39 0 73 93 62 0 58 47 0 0 0 0 0 0 92 0 24 90 30 0 44 32 30 0 69 0 23 84 0 95 78 0 0 0 0 0 0 0 0 0 0 0 0 
44 0 0 1 0 0 37 0 0 11 0 0 36 0 0 0 0 0 0 0 0 29 0 0 0 0 49 0 0 78 0 0 23 1 21 32 59 0 0 0 0 0 0 0 0 0 0 64 55 0 0 0 0 77 0 69 0 0 0 0 0 0 40 0 96 63 0 0 16 0 0 95 67 0 0 0 0 98 0 39 
0 52 0 0 78 0 0 80 0 0 0 0 0 0 0 0 80 0 0 0 0 0 0 0 0 0 66 0 43 40 0 91 0 0 0 34 0 0 85 0 0 26 0 0 0 57 61 0 49 0 0 0 0 0 0 0 0 0 46 81 0 0 0 0 85 0 0 0 0 0 83 0 77 0 0 0 0 0 53 0 
23 45 5 0 77 0 0 0 0 0 0 31 90 0 12 39 82 0 0 0 0 0 0 0 0 0 0 0 0 57 24 25 0 51 0 0 0 0 0 0 0 0 0 0 0 0 0 41 66 38 0 54 0 97 19 63 0 18 0 28 31 31 0 0 0 88 0 0 0 0 76 0 0 0 0 62 0 29 59 60 
0 0 41 0 0 0 0 0 0 39 0 0 0 0 21 0 12 9 96 0 0 0 0 0 0 0 0 91 0 97 0 0 0 0 0 0 26 0 0 0 0 0 0 0 0 30 70 0 0 66 0 91 0 0 0 0 0 0 0 37 19 9 0 0 0 9 1 0 0 94 0 0 0 0 0 94 0 0 98 0 
0 0 0 0 0 0 0 0 76 81 22 0 0 0 0 30 0 0 0 0 0 29 49 66 0 0 0 0 0 39 9 50 0 0 0 0 0 55 0 0 57 0 44 0 0 0 49 0 0 0 0 0 0 33 27 0 0 0 49 25 0 33 21 0 79 0 0 0 0 99 0 41 0 7 0 24 0 0 0 80 
58 36 0 0 98 0 47 0 0 0 0 41 0 0 0 0 0 15 0 0 0 19 0 0 0 91 0 0 0 33 0 5 34 0 0 0 0 0 0 8 0 0 0 0 0 12 0 8 0 0 0 80 0 0 41 78 0 0 0 0 0 0 0 0 0 72 1 27 0 0 38 12 47 58 0 16 12 0 0 2 
45 0 26 7 80 82 0 0 0 0 17 0 31 38 27 0 97 0 0 0 39 0 0 43 0 0 0 0 0 7 0 0 0 0 0 0 0 0 0 0 84 67 37 0 0 0 52 0 0 38 0 40 0 0 0 0 0 0 0 97 36 54 71 0 32 0 48 8 0 0 32 47 0 0 44 79 20 0 0 0 
0 0 0 0 0 0 74 27 0 0 0 32 0 0 0 0 0 55 94 25 0 0 78 40 57 97 39 33 7 0 0 0 100 98 0 0 53 53 0 0 72 40 0 0 0 0 0 76 88 0 0 0 43 0 0 35 0 30 0 55 10 0 0 0 0 79 0 0 0 63 0 0 0 0 0 0 0 0 0 52 
0 84 0 32 84 0 44 51 0 0 0 0 0 36 0 28 0 92 0 0 0 0 0 0 24 0 9 0 0 0 0 0 13 0 25 20 2 0 0 0 0 0 0 0 0 0 0 0 0 0 0 49 0 0 0 0 0 0 25 83 0 11 0 0 0 0 0 0 0 0 35 0 0 0 0 0 66 98 0 0 
81 73 94 55 0 0 0 0 64 0 0 40 0 0 0 0 0 0 0 73 47 23 0 91 25 0 50 5 0 0 0 0 0 100 71 58 0 0 8 0 0 0 0 55 0 0 0 0 0 0 0 0 0 0 57 0 0 0 48 0 38 0 0 6 0 0 0 11 0 4 70 87 0 0 0 0 66 94 51 0 
0 0 0 92 0 0 0 63 40 20 0 18 0 24 43 0 17 0 0 9 0 0 23 0 0 0 0 34 0 100 13 0 0 1 3 0 0 0 100 2 0 66 0 29 36 0 28 0 74 0 0 54 0 0 0 0 0 4 5 60 0 5 69 83 0 0 0 17 0 0 60 0 47 0 0 0 0 0 0 0 
0 0 0 0 0 0 0 0 52 53 12 12 0 51 0 41 99 11 0 0 27 0 1 0 51 0 0 0 0 98 0 100 1 0 0 0 90 0 0 0 81 0 0 0 0 0 0 0 55 0 0 2 62 0 0 0 60 0 22 0 0 43 46 17 4 46 0 0 69 0 0 32 0 52 5 0 45 0 9 68 
0 0 77 0 0 62 0 0 12 0 0 65 0 0 34 29 15 53 93 0 0 0 21 0 0 0 0 0 0 0 25 71 3 0 0 0 0 0 0 0 0 10 0 0 0 0 9 0 0 23 26 88 0 0 0 0 0 0 0 6 0 0 0 0 10 0 0 0 0 0 38 79 74 0 0 0 0 0 0 0 
0 0 21 2 0 0 95 0 0 12 0 0 0 0 37 0 0 0 62 0 0 0 32 34 0 0 0 0 0 0 20 58 0 0 0 0 0 45 0 0 0 0 0 67 39 43 0 36 43 92 6 86 0 0 0 0 0 0 0 0 42 0 0 75 0 0 0 71 0 0 74 0 0 99 0 0 0 0 0 0 
0 5 20 0 56 45 0 0 8 0 0 0 0 0 0 0 0 0 0 0 0 0 59 0 0 26 0 0 0 53 2 0 0 90 0 0 0 0 70 0 0 26 90 14 0 0 0 0 0 0 64 91 0 0 76 0 0 0 0 47 82 76 0 0 25 0 93 70 0 0 0 92 85 0 90 0 11 0 0 0 
0 25 0 0 0 0 0 0 0 19 0 42 0 73 0 71 0 0 0 0 66 39 0 0 0 0 55 0 0 53 0 0 0 0 0 45 0 0 0 89 0 0 28 50 0 0 96 0 23 0 0 18 0 12 0 0 0 0 70 44 0 0 97 0 0 0 0 77 0 31 0 86 1 95 0 43 45 0 63 0 
0 0 0 0 0 96 0 88 0 57 0 37 0 0 0 63 0 0 0 0 88 0 0 85 0 0 0 0 0 0 0 8 100 0 0 0 70 0 0 0 0 0 0 0 0 0 0 21 0 71 0 0 18 0 66 62 18 24 0 0 0 94 0 0 24 0 0 75 0 44 26 0 0 86 35 26 85 17 0 0 
0 0 0 82 0 0 0 0 76 0 0 0 0 0 0 0 0 0 0 0 0 73 0 0 0 0 0 8 0 0 0 0 2 0 0 0 0 89 0 0 35 9 39 0 81 0 0 80 0 0 0 0 0 0 0 57 61 62 0 48 98 0 0 0 49 0 0 11 0 80 32 0 0 46 0 0 0 0 0 0 
0 0 0 15 0 85 0 0 47 19 0 75 0 29 0 0 89 0 0 0 48 93 0 0 0 0 57 0 84 72 0 0 0 81 0 0 0 0 0 35 0 0 0 0 0 0 23 0 70 62 0 0 86 0 0 0 0 0 51 0 0 0 11 0 98 72 87 8 0 0 0 0 0 0 50 0 5 0 70 82 
0 0 18 0 0 0 0 0 53 0 43 0 29 71 0 24 58 0 0 0 0 62 0 26 0 0 0 0 67 40 0 0 66 0 10 0 26 0 0 9 0 0 0 0 75 0 98 95 0 53 99 0 26 0 0 89 40 23 0 87 0 41 87 0 20 0 0 36 0 40 0 65 58 0 0 0 0 71 0 0 
0 13 0 44 0 91 80 0 0 0 56 8 0 29 0 0 0 93 0 50 32 0 0 0 0 0 44 0 37 0 0 0 0 0 0 0 90 28 0 39 0 0 0 0 0 0 59 0 0 0 0 0 0 0 0 73 0 0 92 0 91 0 0 0 0 19 90 0 0 0 56 0 0 0 98 0 64 0 0 46 
0 0 22 0 0 91 99 100 0 0 0 3 0 23 5 0 0 78 50 48 0 58 0 0 0 0 0 0 0 0 0 55 29 0 0 67 14 50 0 0 0 0 0 0 42 0 0 62 0 37 0 0 0 0 93 0 0 52 4 41 59 0 58 73 0 0 0 0 31 0 61 0 0 0 0 0 0 32 0 0 
59 0 36 0 0 0 0 0 45 0 0 16 0 75 32 0 0 0 59 0 0 47 0 0 0 0 0 0 0 0 0 0 36 0 0 39 0 0 0 81 0 75 0 42 0 0 0 31 95 0 0 0 82 0 0 0 0 0 0 0 0 0 84 97 12 35 0 0 95 0 0 0 0 0 0 0 51 100 0 0 
0 24 0 0 85 0 0 0 27 0 0 0 0 0 0 0 88 21 23 75 0 0 0 57 0 30 0 12 0 0 0 0 0 0 0 43 0 0 0 0 0 0 0 0 0 0 0 0 0 0 0 0 0 35 0 24 51 2 43 0 63 21 0 0 0 0 0 0 48 0 41 15 0 51 26 73 0 0 0 86 
0 0 18 0 0 34 0 15 0 0 0 0 0 26 52 0 0 0 5 83 90 0 0 61 0 70 49 0 52 0 0 0 28 0 9 0 0 96 0 0 23 98 59 0 0 0 0 0 83 0 60 76 0 85 0 0 10 9 0 0 15 93 0 0 0 0 63 0 0 95 0 0 93 0 0 0 0 0 0 0 
19 0 0 0 0 0 0 0 0 0 0 0 0 96 0 0 0 96 0 0 0 0 64 0 41 0 0 8 0 76 0 0 0 0 0 36 0 0 21 80 0 95 0 62 31 0 0 0 0 0 71 0 0 0 0 0 0 0 67 0 80 0 0 64 0 81 0 0 0 0 29 0 0 0 0 0 0 0 0 0 
0 0 99 0 0 0 0 0 0 30 1 0 4 0 5 84 0 0 0 0 37 0 55 49 66 0 0 0 0 88 0 0 74 55 0 43 0 23 0 0 70 0 0 0 95 0 83 0 0 0 0 0 0 0 0 75 0 0 0 84 43 0 0 15 0 0 0 75 0 55 0 0 0 13 0 0 0 14 0 31 
97 0 0 3 0 0 0 0 0 0 5 31 0 74 0 0 0 0 0 0 0 0 0 0 38 66 0 0 38 0 0 0 0 0 23 92 0 0 71 0 62 53 0 37 0 0 0 0 0 0 8 0 98 0 0 0 0 0 0 0 0 80 0 0 0 5 0 0 0 45 66 0 0 18 49 0 17 0 0 0 
3 20 0 0 0 0 73 0 0 9 37 0 0 0 0 94 0 0 9 0 32 0 0 0 0 0 0 0 0 0 0 0 0 0 26 6 64 0 0 0 0 99 0 0 0 0 60 71 0 8 0 0 0 0 0 71 0 0 0 24 76 0 92 0 0 0 0 3 0 0 0 0 0 0 24 0 87 0 0 0 
0 0 0 0 11 0 0 97 0 0 0 0 0 0 0 0 0 95 93 0 9 92 0 0 54 91 0 80 40 0 49 0 54 2 88 86 91 18 0 0 0 0 0 0 0 0 76 0 0 0 0 0 0 0 0 19 0 0 0 0 0 0 36 90 0 0 0 0 0 0 0 11 0 9 0 29 0 0 0 50 
74 44 0 0 0 83 0 0 0 0 0 0 0 0 0 0 0 0 22 0 0 0 0 0 0 0 0 0 0 43 0 0 0 62 0 0 0 0 18 0 86 26 0 0 82 0 0 0 0 98 0 0 0 0 9 0 0 86 71 0 0 0 0 92 0 0 96 0 0 0 21 0 85 2 0 0 0 0 0 0 
0 0 0 0 76 0 0 0 0 0 0 0 0 81 23 0 3 0 0 0 0 24 77 0 97 0 33 0 0 0 0 0 0 0 0 0 0 12 0 0 0 0 0 0 0 35 85 0 0 0 0 0 0 0 0 0 72 4 74 0 99 0 76 0 0 47 0 18 0 67 0 26 74 0 0 0 0 0 0 57 
0 0 97 44 0 0 0 0 0 0 0 0 0 55 0 0 0 0 79 0 80 90 0 0 19 0 27 41 0 0 0 57 0 0 0 0 76 0 66 0 0 0 0 93 0 0 0 0 0 0 0 0 9 0 0 0 0 69 0 0 0 0 30 0 0 94 0 86 75 0 0 0 0 0 0 87 0 0 0 96 
40 33 0 0 12 0 85 0 0 44 0 0 0 0 0 51 3 35 0 26 0 30 69 0 63 0 0 78 0 35 0 0 0 0 0 0 0 0 62 57 0 89 73 0 0 24 0 0 75 0 71 19 0 0 0 0 9 0 33 0 0 78 0 0 9 0 0 0 61 49 0 0 86 47 0 0 0 0 0 0 
0 0 0 83 61 0 99 0 98 0 0 72 62 0 0 11 0 37 14 0 3 0 0 0 0 0 0 0 0 0 0 0 0 60 0 0 0 0 18 61 0 40 0 0 0 51 10 0 0 0 0 0 0 72 0 9 0 0 0 0 0 0 0 13 0 0 62 0 0 0 3 0 38 0 0 3 0 83 0 0 
0 0 0 15 31 55 0 0 0 0 0 0 0 0 0 0 72 0 0 0 0 44 0 0 18 0 0 0 0 30 0 0 4 0 0 0 0 0 24 62 0 23 0 52 0 2 9 0 0 0 0 0 86 4 69 0 0 0 0 97 0 0 0 0 0 0 0 28 0 0 53 0 0 23 0 30 0 0 0 0 
0 72 0 0 0 0 60 0 0 0 0 0 0 0 0 37 0 0 0 0 0 32 0 46 0 0 49 0 0 0 25 48 5 22 0 0 0 70 0 0 51 0 92 4 0 43 0 67 0 0 0 0 71 74 0 33 0 0 0 0 0 50 0 89 0 0 79 91 0 68 19 10 64 0 0 0 0 0 0 6 
80 23 0 0 71 35 43 0 0 0 0 0 98 82 0 0 0 0 0 45 31 30 0 81 28 37 25 0 97 55 83 0 60 0 6 0 47 44 0 48 0 87 0 41 0 0 0 0 84 0 24 0 0 0 0 0 0 97 0 0 0 0 0 30 0 74 29 0 0 0 84 0 0 0 0 0 0 90 40 0 
20 68 0 0 0 0 0 67 22 0 22 69 56 0 0 0 0 30 0 0 12 0 0 0 31 19 0 0 36 10 0 38 0 0 0 42 82 0 0 98 0 0 91 59 0 63 15 80 43 0 76 0 0 99 0 0 0 0 0 0 0 2 0 63 70 0 0 0 0 0 2 0 29 33 0 0 0 0 54 0 
0 0 83 0 0 0 0 27 0 0 0 0 0 0 63 39 0 50 0 0 0 69 0 0 31 9 33 0 54 0 11 0 5 43 0 0 76 0 94 0 0 41 0 0 0 21 93 0 0 80 0 0 0 0 0 78 0 0 50 0 2 0 0 0 56 0 0 32 0 68 0 72 0 0 0 1 65 0 0 0 
22 0 60 17 0 0 0 77 0 80 0 0 0 0 21 16 0 0 47 0 75 0 40 0 0 0 21 0 71 0 0 0 69 46 0 0 0 97 0 0 11 87 0 58 84 0 0 0 0 0 92 36 0 76 30 0 0 0 0 0 0 0 0 0 0 74 73 0 0 0 0 98 0 0 0 0 82 90 0 0 
0 0 0 0 0 0 0 39 76 45 0 27 0 0 0 90 0 0 16 0 0 23 0 0 0 0 0 0 0 0 0 6 83 17 0 75 0 0 0 0 0 0 0 73 97 0 0 64 15 0 0 90 92 0 0 0 13 0 89 30 63 0 0 0 41 0 49 0 0 0 0 0 0 38 0 0 0 0 0 0 
28 0 27 100 57 30 71 0 0 0 18 0 0 0 0 0 76 0 71 0 0 84 96 85 0 0 79 0 32 0 0 0 0 4 10 0 25 0 24 49 98 20 0 0 12 0 0 0 0 0 0 0 0 0 0 9 0 0 0 0 70 56 0 41 0 51 0 0 0 73 85 0 60 0 0 0 0 0 0 6 
0 49 0 0 39 0 0 0 0 0 0 0 0 0 0 0 0 50 0 0 0 0 63 0 88 9 0 72 0 79 0 0 0 46 0 0 0 0 0 0 72 0 19 0 35 0 0 81 0 5 0 0 0 47 94 0 0 0 0 74 0 0 74 0 51 0 0 0 0 58 84 0 0 0 0 17 0 0 0 0 
0 0 0 62 0 0 93 0 0 0 0 0 0 79 0 0 0 0 42 30 0 95 0 0 0 1 0 1 48 0 0 0 0 0 0 0 93 0 0 0 87 0 90 0 0 0 63 0 0 0 0 0 96 0 0 0 62 0 79 29 0 0 73 49 0 0 0 0 0 0 60 41 0 0 64 0 0 80 0 58 
0 0 47 0 42 0 75 99 24 0 0 0 0 58 0 0 0 0 0 0 0 78 0 0 0 0 0 27 8 0 0 11 17 0 0 71 70 77 75 11 8 36 0 0 0 0 0 0 75 0 3 0 0 18 86 0 0 28 91 0 0 32 0 0 0 0 0 0 58 0 0 0 0 0 0 0 0 0 14 0 
10 0 0 0 80 0 0 23 0 0 0 0 56 28 0 11 0 0 0 0 0 0 16 0 0 0 0 0 0 0 0 0 0 69 0 0 0 0 0 0 0 0 0 31 95 48 0 0 0 0 0 0 0 0 75 61 0 0 0 0 0 0 0 0 0 0 0 58 0 15 21 0 0 24 0 0 0 0 32 0 
0 0 17 0 0 0 0 0 0 40 0 31 0 0 0 0 0 0 85 0 0 0 0 0 0 94 99 0 0 63 0 4 0 0 0 0 0 31 44 80 0 40 0 0 0 0 95 0 55 45 0 0 0 67 0 49 0 0 68 0 0 68 0 0 73 58 0 0 15 0 21 0 0 0 13 0 69 0 0 91 
0 27 0 0 0 0 0 71 0 0 64 69 0 0 0 86 41 0 26 0 0 0 0 83 76 0 0 38 32 0 35 70 60 0 38 74 0 0 26 32 0 0 56 61 0 41 0 29 0 66 0 0 21 0 0 0 3 53 19 84 2 0 0 0 85 84 60 0 21 21 0 61 97 0 20 0 0 41 0 42 
67 0 0 0 0 0 0 0 0 0 0 0 0 0 0 41 0 0 0 58 25 0 95 0 0 0 41 12 47 0 0 87 0 32 79 0 92 86 0 0 0 65 0 0 0 15 0 0 0 0 0 11 0 26 0 0 0 0 10 0 0 72 98 0 0 0 41 0 0 0 61 0 0 0 19 0 0 0 0 80 
0 0 91 0 0 60 0 0 0 0 0 49 91 0 0 0 0 0 34 88 0 0 67 77 0 0 0 47 0 0 0 0 47 0 74 0 85 1 0 0 0 58 0 0 0 0 93 0 0 0 0 0 85 74 0 86 38 0 64 0 29 0 0 0 60 0 0 0 0 0 97 0 0 0 0 0 0 82 0 0 
38 0 9 0 5 27 23 0 0 0 20 33 86 0 0 0 0 0 0 97 0 0 0 0 0 0 7 58 0 0 0 0 0 52 0 99 0 95 86 46 0 0 0 0 0 51 0 0 13 18 0 9 2 0 0 47 0 23 0 0 33 0 0 38 0 0 0 0 24 0 0 0 0 0 81 51 84 0 0 0 
0 0 0 0 76 12 0 32 58 0 0 47 0 0 0 45 0 0 72 89 0 0 0 0 0 0 0 0 44 0 0 0 0 5 0 0 90 0 35 0 50 0 98 0 0 26 0 0 0 49 24 0 0 0 0 0 0 0 0 0 0 0 0 0 0 0 64 0 0 13 20 19 0 81 0 57 37 24 0 0 
0 0 21 52 0 15 44 0 61 0 0 0 0 0 84 0 0 0 84 0 9 0 0 0 62 94 24 16 79 0 0 0 0 0 0 0 0 43 26 0 0 0 0 0 0 73 0 0 0 0 0 29 0 0 87 0 3 30 0 0 0 1 0 0 0 17 0 0 0 0 0 0 0 51 57 0 0 0 0 0 
0 0 0 0 0 67 0 50 0 0 0 34 0 0 0 0 8 0 0 0 0 0 0 0 0 0 0 12 20 0 66 66 0 45 0 0 11 45 85 0 5 0 64 0 51 0 0 0 0 17 87 0 0 0 0 0 0 0 0 0 0 65 82 0 0 0 0 0 0 69 0 0 0 84 37 0 0 0 0 0 
0 0 53 75 0 0 0 36 17 91 26 0 0 0 0 0 0 45 0 0 33 0 98 0 29 0 0 0 0 0 98 94 0 0 0 0 0 0 17 0 0 71 0 32 100 0 0 0 14 0 0 0 0 0 0 0 83 0 0 90 0 0 90 0 0 0 80 0 0 0 41 0 82 0 24 0 0 0 0 33 
0 0 0 0 0 26 0 16 57 0 0 0 0 0 58 0 0 58 0 0 14 0 0 53 59 98 0 0 0 0 0 51 0 9 0 0 0 63 0 0 70 0 0 0 0 0 0 0 0 0 0 0 0 0 0 0 0 0 0 40 54 0 0 0 0 0 0 14 32 0 0 0 0 0 0 0 0 0 0 0 
10 96 20 0 33 0 0 0 0 0 0 19 0 95 20 58 0 34 0 0 0 0 39 0 60 0 80 2 0 52 0 0 0 68 0 0 0 0 0 0 82 0 46 0 0 86 0 0 31 0 0 50 0 57 96 0 0 0 6 0 0 0 0 0 6 0 58 0 0 91 42 80 0 0 0 0 0 33 0 0 
