40 7
0 0 0 0 0 8 0 0 0 0 0 0 0 0 0 12 0 0 0 24 26 0 0 0 0 0 0 0 61 0 41 0 61 38 97 0 29 0 0 0 
0 0 58 90 0 0 22 57 0 0 9 0 84 0 0 0 0 0 39 19 0 0 0 0 27 0 61 0 86 0 0 0 0 0 0 0 0 75 0 0 
0 58 0 0 0 49 0 18 35 0 0 0 62 0 0 47 0 40 70 12 42 0 0 29 0 0 0 0 0 0 49 36 76 30 0 0 0 0 0 0 
0 90 0 0 0 54 0 0 65 35 0 0 0 0 79 0 87 0 0 24 91 100 88 0 42 0 80 65 26 0 0 0 0 62 4 91 0 0 0 0 
0 0 0 0 0 0 52 45 0 54 40 0 0 0 0 63 54 63 59 0 93 0 0 0 0 0 0 0 29 44 0 90 0 91 0 0 0 49 54 0 
8 0 49 54 0 0 0 58 0 0 0 4 0 0 0 0 0 0 97 88 0 50 0 0 23 0 28 0 30 30 0 0 0 30 23 16 0 0 17 0 
0 22 0 0 52 0 0 0 96 0 0 0 0 0 89 0 75 0 29 36 0 0 34 0 0 0 0 57 0 0 2 0 0 0 0 0 0 0 0 30 
0 57 18 0 45 58 0 0 0 71 64 91 0 0 0 0 0 93 0 13 69 0 0 0 0 0 0 86 0 0 0 0 0 0 29 0 0 0 0 0 
0 0 35 65 0 0 96 0 0 0 0 0 0 24 0 0 0 0 0 0 0 0 0 0 0 0 0 0 0 100 0 46 76 0 0 0 0 0 0 0 
0 0 0 35 54 0 0 71 0 0 0 0 0 94 0 0 0 91 0 0 0 5 0 0 0 0 0 54 0 0 0 87 0 0 25 82 0 0 0 8 
0 9 0 0 40 0 0 64 0 0 0 0 0 84 0 0 0 0 0 56 0 0 64 0 0 0 0 88 0 0 69 0 58 0 0 0 36 0 0 0 
0 0 0 0 0 4 0 91 0 0 0 0 34 0 0 0 0 0 0 0 0 99 13 1 79 0 0 0 14 87 0 56 0 0 0 48 0 0 0 0 
0 84 62 0 0 0 0 0 0 0 0 34 0 30 44 0 87 0 0 0 0 100 0 66 0 41 14 41 0 0 5 0 0 0 0 0 0 26 12 25 
0 0 0 0 0 0 0 0 24 94 84 0 30 0 0 0 0 0 0 0 0 0 0 86 71 3 0 0 0 25 43 0 0 25 88 0 98 72 58 0 
0 0 0 79 0 0 89 0 0 0 0 0 44 0 0 0 0 0 0 66 63 0 40 74 0 0 45 17 0 12 0 24 0 0 0 0 94 0 0 0 
12 0 47 0 63 0 0 0 0 0 0 0 0 0 0 0 0 0 89 0 16 95 77 0 0 83 48 0 0 0 96 0 41 24 44 0 0 61 0 0 
0 0 0 87 54 0 75 0 0 0 0 0 87 0 0 0 0 0 0 0 0 0 0 0 0 99 0 0 84 0 0 0 0 45 0 28 80 42 20 80 
0 0 40 0 63 0 0 93 0 91 0 0 0 0 0 0 0 0 0 6 47 0 0 81 98 0 52 17 0 0 0 0 0 75 20 13 0 16 85 82 
0 39 70 0 59 97 29 0 0 0 0 0 0 0 0 89 0 0 0 0 72 0 11 0 70 64 17 5 5 0 0 5 64 47 0 43 0 0 0 0 
24 19 12 24 0 88 36 13 0 0 56 0 0 0 66 0 0 6 0 0 59 0 0 0 0 0 0 0 0 0 35 61 77 0 46 0 43 0 0 33 
26 0 42 91 93 0 0 69 0 0 0 0 0 0 63 16 0 47 72 59 0 33 0 0 0 33 0 99 0 0 0 50 4 0 0 0 0 0 0 40 
0 0 0 100 0 50 0 0 0 5 0 99 100 0 0 95 0 0 0 0 33 0 0 61 0 65 0 46 0 24 93 28 21 0 25 12 33 0 36 82 
0 0 0 88 0 0 34 0 0 0 64 13 0 0 40 77 0 0 11 0 0 0 0 40 0 0 0 0 0 0 0 87 64 39 0 0 0 0 15 0 
0 0 29 0 0 0 0 0 0 0 0 1 66 86 74 0 0 81 0 0 0 61 40 0 71 0 0 20 20 0 19 0 11 0 88 48 0 0 0 0 
0 27 0 42 0 23 0 0 0 0 0 79 0 71 0 0 0 98 70 0 0 0 0 71 0 44 0 0 0 18 0 0 61 0 11 0 75 0 0 0 
0 0 0 0 0 0 0 0 0 0 0 0 41 3 0 83 99 0 64 0 33 65 0 0 44 0 79 50 55 81 0 0 0 0 0 0 0 61 0 0 
0 61 0 80 0 28 0 0 0 0 0 0 14 0 45 48 0 52 17 0 0 0 0 0 0 79 0 0 72 0 0 0 53 0 47 0 0 0 0 59 
0 0 0 65 0 0 57 86 0 54 88 0 41 0 17 0 0 17 5 0 99 46 0 20 0 50 0 0 0 0 0 0 0 0 0 0 0 0 0 0 
61 86 0 26 29 30 0 0 0 0 0 14 0 0 0 0 84 0 5 0 0 0 0 20 0 55 72 0 0 5 0 0 0 0 0 0 0 0 0 37 
0 0 0 0 44 30 0 0 100 0 0 87 0 25 12 0 0 0 0 0 0 24 0 0 18 81 0 0 5 0 0 0 0 0 0 0 78 0 0 39 
41 0 49 0 0 0 2 0 0 0 69 0 5 43 0 96 0 0 0 35 0 93 0 19 0 0 0 0 0 0 0 0 36 0 0 0 0 0 11 0 
0 0 36 0 90 0 0 0 46 87 0 56 0 0 24 0 0 0 5 61 50 28 87 0 0 0 0 0 0 0 0 0 0 0 73 0 0 0 55 48 
61 0 76 0 0 0 0 0 76 0 58 0 0 0 0 41 0 0 64 77 4 21 64 11 61 0 53 0 0 0 36 0 0 0 0 0 0 0 8 71 
38 0 30 62 91 30 0 0 0 0 0 0 0 25 0 24 45 75 47 0 0 0 39 0 0 0 0 0 0 0 0 0 0 0 0 34 57 77 59 0 
97 0 0 4 0 23 0 29 0 25 0 0 0 88 0 44 0 20 0 46 0 25 0 88 11 0 47 0 0 0 0 73 0 0 0 0 0 9 40 0 
0 0 0 91 0 16 0 0 0 82 0 48 0 0 0 0 28 13 43 0 0 12 0 48 0 0 0 0 0 0 0 0 0 34 0 0 0 0 0 0 
29 0 0 0 0 0 0 0 0 0 36 0 0 98 94 0 80 0 0 43 0 33 0 0 75 0 0 0 0 78 0 0 0 57 0 0 0 0 0 0 
0 75 0 0 49 0 0 0 0 0 0 0 26 72 0 61 42 16 0 0 0 0 0 0 0 61 0 0 0 0 0 0 0 77 9 0 0 0 68 67 
0 0 0 0 54 17 0 0 0 0 0 0 12 58 0 0 20 85 0 0 0 36 15 0 0 0 0 0 0 0 11 55 8 59 40 0 0 68 0 0 
0 0 0 0 0 0 30 0 0 8 0 0 25 0 0 0 80 82 0 33 40 82 0 0 0 0 59 0 37 39 0 48 71 0 0 0 0 67 0 0 
