120 24
0 0 76 0 69 0 0 0 0 0 83 0 88 0 0 0 0 0 0 85 91 0 0 0 0 13 30 0 0 0 0 0 86 0 32 68 0 0 0 0 0 0 0 40 0 0 0 0 14 38 0 0 0 0 0 0 25 56 0 0 0 0 0 0 11 0 0 0 0 6 73 0 10 0 24 0 0 0 0 0 0 0 0 50 0 0 0 40 0 0 0 0 0 0 0 0 0 79 0 83 60 0 0 0 0 0 0 0 0 66 0 0 0 44 0 67 1 0 0 1 
0 0 0 0 0 0 0 65 0 75 10 0 0 0 0 0 0 0 53 0 0 0 0 0 0 9 0 0 0 0 0 0 11 31 0 2 0 0 0 0 0 0 0 0 72 0 0 49 0 96 47 0 0 0 0 34 0 0 0 0 0 57 49 83 0 0 0 0 0 87 11 0 0 88 62 69 0 0 26 25 0 0 0 71 57 0 0 0 0 0 16 0 38 0 69 0 0 0 0 0 0 0 0 0 97 0 0 30 0 0 0 0 100 0 0 70 0 0 0 0 
76 0 0 14 0 34 53 0 41 0 0 0 81 19 38 0 0 37 78 0 85 0 67 0 0 0 0 45 28 95 0 0 0 59 67 0 0 0 53 0 25 0 76 0 0 48 62 0 96 20 98 69 0 0 96 0 0 0 0 0 0 0 0 0 0 0 55 0 0 0 60 0 0 0 0 0 0 0 0 0 0 0 0 0 47 0 0 0 0 0 0 17 0 0 0 0 0 0 0 98 0 0 86 0 0 4 47 0 59 50 0 45 0 0 0 0 0 0 0 0 
0 0 14 0 73 0 0 0 0 3 44 20 0 0 0 0 0 85 21 0 90 0 64 47 0 0 0 23 100 65 0 82 0 75 99 72 61 0 19 0 0 0 87 0 0 0 0 58 32 0 0 87 0 0 0 0 65 0 0 0 0 0 73 0 77 0 0 0 24 14 0 0 8 0 50 3 45 0 0 24 0 59 0 0 0 0 19 0 57 23 16 0 70 77 0 0 84 0 26 0 0 54 0 0 0 0 0 0 0 0 0 0 0 33 0 0 0 0 0 0 
69 0 0 73 0 0 0 0 94 0 97 66 32 8 0 0 0 78 0 0 0 0 0 0 0 0 0 0 0 0 69 84 0 0 2 0 0 0 0 0 43 0 0 0 51 18 0 0 0 77 52 37 0 48 98 80 86 0 56 0 0 0 0 0 0 0 0 0 0 0 82 0 0 0 0 0 57 53 0 0 0 71 42 0 85 0 0 0 0 19 16 0 35 0 62 6 0 0 0 99 0 0 74 0 0 69 0 0 84 0 0 38 0 0 0 83 0 0 0 0 
0 0 34 0 0 0 25 23 0 0 29 56 0 0 0 0 23 0 0 0 60 11 0 0 0 0 0 98 63 0 0 82 0 0 0 94 89 9 91 19 0 57 57 0 0 0 0 0 0 0 0 0 0 0 73 0 70 78 0 0 0 0 0 0 66 0 0 0 32 23 0 0 76 32 78 0 87 0 0 96 0 0 0 0 17 0 21 0 60 0 0 2 0 0 0 0 9 19 29 0 26 0 51 0 0 0 12 0 0 65 0 0 0 0 71 0 35 0 0 0 
0 0 53 0 0 25 0 0 0 0 100 64 0 67 0 0 0 0 56 0 0 69 70 12 0 0 0 0 0 0 0 89 0 99 0 90 0 0 0 0 8 0 0 0 33 36 0 0 69 0 0 0 0 0 0 0 1 0 57 49 0 0 0 100 96 27 0 0 0 0 5 27 33 76 0 19 0 12 0 42 0 0 0 0 0 22 32 35 0 0 0 0 0 0 0 0 0 0 61 0 0 0 42 20 0 0 3 0 0 0 43 0 41 0 63 1 8 5 0 0 
0 65 0 0 0 23 0 0 0 83 0 40 0 0 0 0 27 0 0 0 33 0 66 0 0 50 44 1 0 0 0 59 10 0 0 96 42 0 0 0 0 4 92 81 1 0 0 57 0 0 0 0 42 88 98 43 60 9 97 0 0 0 0 40 24 70 0 0 97 0 88 0 0 90 0 96 90 0 0 0 0 0 0 0 0 0 0 4 0 0 0 64 46 80 0 0 28 0 53 0 94 74 64 0 58 0 0 0 0 0 0 0 25 0 74 24 0 35 57 0 
0 0 41 0 94 0 0 0 0 0 0 0 0 78 0 34 0 59 0 0 80 0 0 0 0 0 65 0 1 0 0 0 85 0 0 35 97 46 27 0 67 0 0 75 52 59 46 0 78 0 0 0 100 87 0 0 47 0 67 0 0 0 0 0 0 60 0 0 37 0 0 20 0 84 0 0 0 43 74 0 0 0 0 0 0 0 0 0 0 0 0 71 0 15 0 69 94 37 0 0 90 0 79 0 24 44 0 0 0 94 33 89 0 0 0 0 0 0 0 0 
0 75 0 3 0 0 0 83 0 0 77 71 0 14 10 0 0 0 0 14 0 0 0 89 0 0 56 0 0 5 28 96 0 92 0 0 18 0 0 0 0 20 0 0 0 0 0 0 75 0 0 0 0 0 0 0 3 0 0 0 0 0 0 0 0 0 0 0 2 0 5 0 0 0 93 0 0 0 0 0 18 0 55 0 0 0 65 24 0 0 0 0 41 80 0 0 43 0 91 0 0 0 60 0 0 57 31 14 0 62 0 46 0 95 0 0 0 0 0 96 
83 10 0 44 97 29 100 0 0 77 0 0 0 0 33 0 57 0 0 0 65 18 57 0 0 0 99 0 0 0 0 0 0 0 0 0 89 79 0 0 45 0 0 12 0 0 9 0 0 0 0 77 44 60 0 0 56 0 68 26 0 61 9 0 0 33 0 44 0 0 25 0 52 12 0 0 0 0 32 0 0 59 0 0 100 0 0 0 0 0 49 0 20 0 10 50 0 0 0 0 0 0 0 0 73 0 0 0 28 0 58 0 0 0 27 0 50 0 5 0 
0 0 0 20 66 56 64 40 0 71 0 0 23 60 0 35 0 0 0 0 0 0 0 0 0 0 0 0 0 0 0 43 53 0 0 0 24 60 0 0 0 0 0 20 0 0 0 49 85 20 6 65 0 19 98 0 0 45 0 0 34 0 75 0 43 0 7 88 35 57 0 0 17 0 0 0 0 20 0 0 0 0 27 0 0 0 0 87 0 0 0 0 26 0 0 48 0 86 0 0 0 0 19 0 0 0 0 0 0 0 0 57 54 9 0 0 0 39 0 0 
88 0 81 0 32 0 0 0 0 0 0 23 0 98 0 0 0 0 0 82 0 0 0 64 64 0 61 44 78 0 91 0 64 87 91 0 0 0 0 91 42 0 80 0 0 0 0 8 0 0 2 0 0 0 0 0 0 0 0 0 0 0 92 0 23 2 0 0 12 63 0 0 38 0 0 0 69 0 15 0 83 0 13 0 0 0 26 11 23 0 72 0 0 0 0 0 0 0 0 0 0 0 0 0 0 68 0 29 0 17 0 100 93 0 0 0 45 35 87 0 
0 0 19 0 8 0 67 0 78 14 0 60 98 0 0 11 49 27 88 0 0 0 0 0 0 91 0 0 0 0 0 0 0 0 9 41 0 0 0 18 75 87 0 0 0 3 0 74 0 0 0 0 11 91 0 0 0 0 0 0 0 88 0 98 0 0 0 0 68 0 0 0 0 83 0 0 3 0 0 0 86 0 100 0 0 0 0 88 0 0 0 43 0 53 0 0 0 0 0 0 0 0 60 0 74 0 0 0 89 0 18 0 0 0 5 0 59 0 67 70 
0 0 38 0 0 0 0 0 0 10 33 0 0 0 0 0 0 0 0 0 77 0 0 76 0 62 0 0 0 0 0 81 0 0 0 83 0 60 0 0 71 0 65 0 5 53 40 17 0 0 88 83 0 0 34 87 94 0 68 30 98 0 0 48 0 0 0 0 0 6 0 7 15 0 0 0 0 0 0 0 0 0 0 0 57 23 0 26 73 0 0 0 0 0 95 0 0 0 61 6 28 96 21 31 24 0 0 0 0 0 0 0 0 66 0 58 0 0 0 0 
0 0 0 0 0 0 0 0 34 0 0 35 0 11 0 0 0 93 0 0 0 0 0 0 0 0 0 26 0 0 0 0 0 0 0 0 0 0 0 53 0 0 0 43 0 28 0 0 98 0 0 0 0 78 32 0 0 0 93 95 0 82 5 0 0 43 0 0 0 0 51 88 4 0 63 96 0 0 0 0 39 73 0 0 0 0 6 0 0 0 0 0 0 18 53 0 44 0 0 80 0 0 38 0 0 0 0 0 0 21 0 0 0 0 0 0 0 0 0 0 
0 0 0 0 0 23 0 27 0 0 57 0 0 49 0 0 0 10 23 0 0 54 0 96 1 0 0 41 0 0 46 0 0 0 93 0 0 0 0 13 0 33 0 0 0 0 0 0 0 0 0 0 0 79 0 26 0 48 0 0 0 0 0 0 0 91 0 0 87 0 0 0 26 0 0 13 17 0 0 80 39 0 21 28 2 31 0 36 0 13 0 0 0 0 0 0 29 0 0 72 22 0 9 0 0 0 55 0 0 0 0 0 35 86 51 0 0 0 0 0 
0 0 37 85 78 0 0 0 59 0 0 0 0 27 0 93 10 0 100 80 0 9 0 69 0 0 47 0 16 40 0 0 0 5 82 0 62 0 74 69 0 99 0 0 0 0 0 0 0 0 0 0 0 0 0 0 81 0 0 0 98 0 0 86 0 0 0 20 77 0 0 44 26 84 0 32 0 0 74 0 0 0 0 0 0 0 72 70 35 0 0 0 0 0 49 2 65 0 28 0 0 0 0 0 94 0 0 0 85 0 0 0 17 0 0 0 0 0 0 0 
0 53 78 21 0 0 56 0 0 0 0 0 0 88 0 0 23 100 0 0 6 45 0 100 23 0 0 0 100 62 0 16 0 0 0 0 0 0 0 0 37 0 0 0 0 97 0 0 0 0 25 0 15 0 0 0 0 1 0 0 90 62 0 52 0 0 0 0 0 0 51 49 58 0 0 0 0 100 72 0 0 0 0 90 31 0 0 50 9 0 60 0 84 0 0 0 0 50 0 0 0 0 80 0 62 0 0 0 0 0 0 48 70 97 71 42 0 1 0 18 
85 0 0 0 0 0 0 0 0 14 0 0 82 0 0 0 0 80 0 0 0 0 0 1 0 0 0 0 0 33 0 0 0 0 0 0 0 0 18 65 46 3 97 0 38 0 0 0 0 0 0 0 0 0 0 0 48 0 0 0 53 0 0 0 0 66 0 0 0 35 0 36 40 0 0 0 0 0 0 41 0 0 0 0 96 67 93 0 0 0 0 2 0 0 0 0 89 71 0 0 0 33 0 0 94 79 0 0 0 0 81 81 89 97 0 13 71 11 50 0 
91 0 85 90 0 60 0 33 80 0 65 0 0 0 77 0 0 0 6 0 0 0 0 0 0 85 25 0 4 76 0 90 0 88 0 0 93 0 0 0 0 0 19 0 0 0 0 0 0 0 0 0 0 0 0 0 0 0 23 0 79 25 33 0 41 0 0 59 0 0 29 27 0 85 35 62 0 0 62 0 0 0 6 71 0 0 0 0 0 0 0 0 75 90 76 18 30 0 0 0 0 35 8 95 0 0 0 0 0 84 82 0 0 31 0 29 85 0 31 91 
0 0 0 0 0 11 69 0 0 0 18 0 0 0 0 0 54 9 45 0 0 0 0 0 6 0 0 84 57 50 0 0 0 0 0 0 0 82 0 0 0 0 0 0 0 43 0 0 0 0 0 0 25 8 0 75 0 66 0 0 0 0 0 0 45 0 79 0 0 0 0 50 29 0 71 0 0 0 0 60 14 0 21 0 0 31 0 0 0 0 0 67 56 0 0 0 0 0 46 0 0 16 0 63 81 0 29 66 0 0 0 65 0 0 86 0 0 0 0 36 
0 0 67 64 0 0 70 66 0 0 57 0 0 0 0 0 0 0 0 0 0 0 0 54 0 13 0 0 68 0 0 0 0 0 29 0 0 23 0 0 0 0 0 81 91 0 11 44 0 0 0 0 92 72 0 66 32 0 0 0 0 0 0 0 17 0 0 0 0 5 0 41 0 0 0 0 0 19 37 40 65 0 0 0 0 40 13 0 42 0 0 0 46 0 1 0 0 0 0 12 0 79 0 0 0 9 0 73 0 0 0 0 0 0 0 0 0 0 0 95 
0 0 0 47 0 0 12 0 0 89 0 0 64 0 76 0 96 69 100 1 0 0 54 0 4 28 0 0 0 86 0 0 0 0 0 0 16 0 97 0 0 0 0 0 0 0 0 0 32 0 0 71 0 0 0 0 0 0 0 0 0 75 0 0 7 0 0 0 33 0 0 0 0 9 0 0 41 0 0 24 0 55 6 0 0 52 0 29 0 0 0 0 92 0 0 0 0 0 0 0 14 16 0 0 48 0 0 0 0 0 0 0 31 43 75 93 0 0 0 0 
0 0 0 0 0 0 0 0 0 0 0 0 64 0 0 0 1 0 23 0 0 6 0 4 0 61 45 0 0 22 0 78 16 0 0 0 0 22 49 0 0 0 0 98 0 52 0 86 51 0 69 9 0 0 95 0 0 0 0 0 0 0 0 0 0 20 0 0 0 0 0 63 61 0 0 0 61 0 0 0 0 0 11 0 0 0 37 42 0 0 32 0 53 98 32 87 79 75 67 0 29 63 0 82 0 44 0 4 0 35 71 0 0 0 50 0 0 0 0 0 
13 9 0 0 0 0 0 50 0 0 0 0 0 91 62 0 0 0 0 0 85 0 13 28 61 0 0 0 34 29 0 0 6 0 0 0 0 0 0 0 9 0 0 0 88 0 96 0 17 23 82 20 0 84 0 65 39 0 0 0 0 10 87 64 0 57 0 20 96 0 0 0 0 0 0 67 0 0 0 0 10 0 0 4 0 0 77 0 23 39 0 0 0 0 55 0 0 0 0 45 0 76 0 0 0 0 0 0 0 0 50 78 40 0 0 0 51 0 0 0 
30 0 0 0 0 0 0 44 65 56 99 0 61 0 0 0 0 47 0 0 25 0 0 0 45 0 0 84 0 0 0 0 0 0 0 0 0 27 0 0 35 53 0 0 0 67 0 0 0 0 93 46 0 0 67 0 0 0 0 0 0 88 0 97 0 95 34 0 51 0 48 0 58 51 0 0 56 0 0 0 0 0 0 0 0 0 61 0 0 0 0 29 0 22 0 0 0 0 0 41 0 18 0 14 55 0 16 0 0 0 0 16 0 0 0 65 0 0 0 0 
0 0 45 23 0 98 0 1 0 0 0 0 44 0 0 26 41 0 0 0 0 84 0 0 0 0 84 0 44 0 0 0 0 0 49 61 0 0 91 40 0 0 36 0 0 0 76 88 97 18 0 0 0 0 0 17 83 35 40 0 0 57 91 0 0 20 85 0 0 0 0 0 0 37 0 19 94 0 0 76 0 0 0 0 0 12 22 0 0 0 84 0 0 0 0 0 0 0 0 71 71 6 0 0 0 67 0 25 0 0 60 0 87 0 81 0 0 81 0 0 
0 0 28 100 0 63 0 0 1 0 0 0 78 0 0 0 0 16 100 0 4 57 68 0 0 34 0 44 0 0 0 84 0 11 0 0 0 0 0 0 0 0 8 0 0 0 0 74 21 0 0 0 0 0 0 0 0 0 0 0 0 0 18 0 0 30 81 0 61 0 16 0 0 0 71 0 61 29 9 0 0 0 0 0 0 5 0 0 77 0 0 3 0 0 0 0 0 46 0 0 0 56 0 0 80 19 42 0 0 0 0 0 0 0 0 0 0 32 44 0 
0 0 95 65 0 0 0 0 0 5 0 0 0 0 0 0 0 40 62 33 76 50 0 86 22 29 0 0 0 0 42 68 83 0 0 0 0 81 0 0 0 0 0 0 0 48 0 40 0 23 0 24 0 0 8 0 42 58 0 0 33 0 9 0 69 0 0 0 0 93 72 0 0 0 0 0 0 10 0 0 0 0 0 70 0 0 70 98 0 0 0 0 0 7 0 42 91 0 0 0 0 0 0 79 19 0 58 0 0 51 43 0 50 0 0 0 0 0 71 99 
0 0 0 0 69 0 0 0 0 28 0 0 91 0 0 0 46 0 0 0 0 0 0 0 0 0 0 0 0 42 0 0 46 0 58 0 0 0 94 0 0 0 46 0 0 0 0 13 94 71 0 0 0 0 0 0 0 36 72 65 0 40 0 0 0 0 0 0 0 98 0 0 21 0 0 0 0 0 0 0 0 16 0 26 0 0 81 0 12 0 32 0 0 0 0 0 0 0 0 0 34 0 0 0 0 0 0 0 0 81 100 0 38 0 0 62 63 0 0 0 
0 0 0 82 84 82 89 59 0 96 0 43 0 0 81 0 0 0 16 0 90 0 0 0 78 0 0 0 84 68 0 0 0 0 0 0 0 0 59 0 9 26 71 0 37 0 0 23 0 0 0 0 88 0 84 0 96 0 0 0 91 0 0 0 49 0 4 0 0 0 0 0 33 2 0 50 0 0 0 33 0 0 0 0 0 63 0 60 86 0 69 0 61 0 0 0 0 49 89 0 0 30 50 0 16 0 75 0 0 6 0 0 0 0 0 0 0 0 0 0 
86 11 0 0 0 0 0 10 85 0 0 53 64 0 0 0 0 0 0 0 0 0 0 0 16 6 0 0 0 83 46 0 0 0 30 0 0 0 65 0 0 0 0 0 0 0 0 0 99 97 0 0 13 85 73 0 45 0 33 0 0 0 0 0 19 70 15 0 0 95 0 0 38 0 59 68 0 0 62 30 36 75 48 0 85 0 0 85 0 75 0 98 0 0 0 0 97 0 0 0 0 0 0 12 0 12 25 0 0 0 54 92 0 17 0 0 76 0 41 0 
0 31 59 75 0 0 99 0 0 92 0 0 87 0 0 0 0 5 0 0 88 0 0 0 0 0 0 0 11 0 0 0 0 0 0 0 23 0 0 0 0 0 0 0 93 0 0 0 0 0 0 86 0 0 0 0 81 4 0 0 0 83 0 91 0 21 0 4 0 17 0 0 0 29 92 88 44 0 0 78 68 48 20 0 0 28 0 0 0 17 10 89 0 0 48 0 22 0 100 0 56 0 56 86 0 0 77 0 0 0 0 0 0 0 0 0 33 65 25 0 
32 0 67 99 2 0 0 0 0 0 0 0 91 9 0 0 93 82 0 0 0 0 29 0 0 0 0 49 0 0 58 0 30 0 0 0 0 0 0 0 0 24 0 0 87 0 0 0 0 0 0 89 0 60 0 0 47 0 0 0 0 0 0 30 0 0 0 0 16 0 0 0 51 0 0 0 0 0 0 0 0 84 0 0 0 11 0 0 0 27 0 18 0 0 0 0 0 27 88 0 0 0 0 0 0 0 0 0 0 0 0 100 100 0 18 0 0 0 0 0 
68 2 0 72 0 94 90 96 35 0 0 0 0 41 83 0 0 0 0 0 0 0 0 0 0 0 0 61 0 0 0 0 0 0 0 0 63 0 0 0 0 0 38 0 0 38 0 11 0 41 0 0 0 33 20 0 57 0 63 0 0 0 26 68 0 42 3 0 0 0 49 0 0 0 0 0 0 93 58 39 0 0 0 0 0 0 0 0 83 0 93 0 0 0 90 0 8 0 30 0 0 6 0 0 77 98 0 82 0 0 59 0 0 0 44 45 63 36 0 0 
0 0 0 61 0 89 0 42 97 18 89 24 0 0 0 0 0 62 0 0 93 0 0 16 0 0 0 0 0 0 0 0 0 23 0 63 0 0 82 73 0 0 26 0 0 0 0 0 0 0 0 57 0 0 54 38 78 0 0 0 0 0 0 0 91 78 0 0 0 0 0 0 33 0 69 0 99 0 0 0 0 0 5 0 0 0 61 95 67 0 70 24 0 9 0 0 53 0 0 0 0 0 0 0 43 0 82 58 0 0 0 0 0 0 51 0 0 0 0 0 
0 0 0 0 0 9 0 0 46 0 79 60 0 0 60 0 0 0 0 0 0 82 23 0 22 0 27 0 0 81 0 0 0 0 0 0 0 0 1 0 0 0 0 15 0 0 100 86 0 0 0 0 0 81 0 10 0 47 0 0 69 0 0 26 0 0 46 0 76 0 0 0 0 0 0 0 0 97 0 14 0 48 0 0 0 88 56 0 90 64 0 0 91 0 0 66 0 0 0 0 0 0 0 0 3 0 0 0 0 10 0 0 0 0 46 0 0 0 0 0 
0 0 53 19 0 91 0 0 27 0 0 0 0 0 0 0 0 74 0 18 0 0 0 97 49 0 0 91 0 0 94 59 65 0 0 0 82 1 0 86 0 34 0 0 0 0 0 8 78 42 0 0 0 0 0 0 0 0 0 0 0 0 65 0 5 0 0 0 0 25 0 84 0 0 0 0 0 0 0 0 0 0 24 0 0 0 19 0 0 0 0 0 0 64 0 74 0 0 0 0 0 16 0 0 0 65 92 0 0 1 0 0 0 54 17 0 0 0 0 0 
0 0 0 0 0 19 0 0 0 0 0 0 91 18 0 53 13 69 0 65 0 0 0 0 0 0 0 40 0 0 0 0 0 0 0 0 73 0 86 0 0 0 12 0 84 56 17 0 0 0 7 0 0 68 63 0 0 0 20 0 0 39 0 0 0 0 0 100 0 0 0 0 0 0 13 0 0 100 0 0 0 76 0 47 0 0 31 0 0 0 0 0 0 1 26 0 0 19 92 0 0 0 0 22 0 0 97 0 0 0 0 0 42 0 0 0 18 59 0 40 
0 0 25 0 43 0 8 0 67 0 45 0 42 75 71 0 0 0 37 46 0 0 0 0 0 9 35 0 0 0 0 9 0 0 0 0 0 0 0 0 0 0 0 0 0 0 22 2 92 90 0 74 0 0 0 0 1 0 0 78 0 0 0 2 0 70 0 0 27 0 77 0 17 0 0 0 80 41 74 0 91 53 47 70 0 0 0 33 0 0 57 91 0 0 0 0 0 96 0 70 0 0 6 0 0 0 0 0 0 0 0 0 0 0 39 0 0 0 0 0 
0 0 0 0 0 57 0 4 0 20 0 0 0 87 0 0 33 99 0 3 0 0 0 0 0 0 53 0 0 0 0 26 0 0 24 0 0 0 34 0 0 0 0 34 0 0 70 77 79 9 46 0 0 0 0 0 78 6 0 0 70 0 0 0 0 24 55 0 0 0 100 66 70 0 0 24 0 0 0 0 65 0 0 0 0 65 62 0 40 0 0 0 0 0 0 76 16 24 0 0 0 0 0 62 0 43 0 0 0 0 39 0 16 64 67 0 0 0 0 51 
0 0 76 87 0 57 0 92 0 0 0 0 80 0 65 0 0 0 0 97 19 0 0 0 0 0 0 36 8 0 46 71 0 0 0 38 26 0 0 12 0 0 0 0 0 64 0 58 97 0 0 0 48 13 74 44 0 0 66 0 38 13 0 0 32 0 0 49 0 0 12 0 91 63 0 0 88 0 0 0 24 57 0 9 0 34 96 0 93 17 92 5 0 0 0 0 0 96 0 0 0 0 83 67 38 0 0 0 0 0 0 0 0 0 45 51 0 0 0 0 
40 0 0 0 0 0 0 81 75 0 12 20 0 0 0 43 0 0 0 0 0 0 81 0 98 0 0 0 0 0 0 0 0 0 0 0 0 15 0 0 0 34 0 0 76 0 0 26 0 0 0 0 78 0 0 0 0 0 17 22 0 0 0 0 0 92 0 0 0 62 0 0 14 45 0 0 0 60 8 0 0 48 32 36 30 0 0 0 0 0 0 0 0 0 0 46 91 0 64 55 0 95 0 0 0 0 0 0 0 0 0 33 0 29 0 0 0 0 0 0 
0 72 0 0 51 0 33 1 52 0 0 0 0 0 5 0 0 0 0 38 0 0 91 0 0 88 0 0 0 0 0 37 0 93 87 0 0 0 0 84 0 0 0 76 0 49 37 0 0 0 0 0 0 80 0 0 48 0 0 72 0 0 0 0 0 0 60 0 67 14 0 78 64 0 0 0 0 98 0 0 75 0 48 0 0 60 0 0 100 22 0 39 0 0 87 17 0 77 70 87 74 0 0 74 2 75 88 0 70 0 72 0 9 0 0 0 0 0 48 10 
0 0 48 0 18 0 36 0 59 0 0 0 0 3 53 28 0 0 97 0 0 43 0 0 52 0 67 0 0 48 0 0 0 0 0 38 0 0 0 56 0 0 64 0 49 0 0 26 0 99 0 0 0 0 0 27 12 0 0 9 65 89 65 0 96 94 0 61 0 32 40 51 0 0 16 0 0 74 66 0 0 37 0 27 0 0 33 0 0 0 98 0 16 0 0 0 0 0 0 0 0 0 0 23 0 78 12 47 0 0 0 0 43 0 45 0 0 35 0 0 
0 0 62 0 0 0 0 0 46 0 9 0 0 0 40 0 0 0 0 0 0 0 11 0 0 96 0 76 0 0 0 0 0 0 0 0 0 100 0 17 22 70 0 0 37 0 0 31 0 0 61 81 0 53 73 54 0 53 0 0 0 0 92 0 75 0 0 61 0 10 46 0 0 0 0 58 0 0 0 0 0 27 0 58 0 99 0 7 57 74 0 0 0 54 33 21 30 0 12 0 0 0 0 0 0 79 78 4 33 0 0 0 0 0 0 0 53 0 0 0 
0 49 0 58 0 0 0 57 0 0 0 49 8 74 17 0 0 0 0 0 0 0 44 0 86 0 0 88 74 40 13 23 0 0 0 11 0 86 8 0 2 77 58 26 0 26 31 0 0 0 0 3 43 89 98 0 0 0 0 0 0 0 0 0 76 68 0 0 0 0 0 0 0 0 0 0 93 0 0 0 0 0 0 66 0 0 0 87 0 0 0 25 0 0 56 0 6 0 0 77 0 0 0 0 0 0 0 12 63 0 1 0 57 26 0 0 0 0 0 20 
14 0 96 32 0 0 69 0 78 75 0 85 0 0 0 98 0 0 0 0 0 0 0 32 51 17 0 97 21 0 94 0 99 0 0 0 0 0 78 0 92 79 97 0 0 0 0 0 0 0 0 0 79 0 0 0 0 0 0 0 0 59 0 0 0 0 0 0 0 0 80 0 48 61 46 0 77 0 92 24 0 0 0 7 8 89 0 0 0 82 40 0 0 81 79 0 0 0 0 0 0 0 82 0 78 16 0 0 0 94 88 0 0 0 6 91 0 71 5 1 
38 96 20 0 77 0 0 0 0 0 0 20 0 0 0 0 0 0 0 0 0 0 0 0 0 23 0 18 0 23 71 0 97 0 0 41 0 0 42 0 90 9 0 0 0 99 0 0 0 0 78 0 48 0 69 0 63 0 0 64 0 0 53 37 94 62 2 44 0 95 0 0 49 51 0 28 91 0 0 15 0 0 0 35 0 0 0 0 7 79 0 0 0 0 0 93 0 0 82 47 0 0 0 9 30 48 0 0 0 37 0 0 0 28 0 0 64 42 0 0 
0 47 98 0 52 0 0 0 0 0 0 6 2 0 88 0 0 0 25 0 0 0 0 0 69 82 93 0 0 0 0 0 0 0 0 0 0 0 0 7 0 46 0 0 0 0 61 0 0 78 0 96 0 0 0 0 27 3 0 0 38 84 0 0 0 0 0 0 37 0 0 0 0 0 0 0 0 0 0 41 64 0 60 0 0 0 0 0 0 69 0 0 0 0 0 0 0 0 0 81 10 6 12 45 0 0 0 79 0 0 54 0 33 0 0 64 0 0 91 29 
0 0 69 87 37 0 0 0 0 0 77 65 0 0 83 0 0 0 0 0 0 0 0 71 9 20 46 0 0 24 0 0 0 86 89 0 57 0 0 0 74 0 0 0 0 0 81 3 0 0 96 0 0 0 99 0 22 81 0 2 0 0 0 0 0 0 0 0 0 24 0 0 16 53 0 0 0 0 70 80 0 45 0 7 0 0 0 0 0 0 26 0 56 0 0 24 53 0 0 0 0 0 0 0 5 0 0 0 0 0 0 0 18 0 0 0 0 22 22 0 
0 0 0 0 0 0 0 42 100 0 44 0 0 11 0 0 0 0 15 0 0 25 92 0 0 0 0 0 0 0 0 88 13 0 0 0 0 0 0 0 0 0 48 78 0 0 0 43 79 48 0 0 0 0 59 98 0 0 0 73 83 95 0 0 0 0 0 0 0 48 97 0 0 27 74 34 0 71 0 0 64 0 0 0 0 27 0 54 0 0 0 44 3 41 0 46 0 0 9 0 0 78 0 0 0 0 0 90 0 0 70 0 0 99 50 39 0 16 0 26 
0 0 0 0 48 0 0 88 87 0 60 19 0 91 0 78 79 0 0 0 0 8 72 0 0 84 0 0 0 0 0 0 85 0 60 33 0 81 0 68 0 0 13 0 80 0 53 89 0 0 0 0 0 0 36 60 0 15 90 0 0 9 0 75 0 53 0 0 0 76 0 0 0 95 0 0 0 82 0 0 0 0 84 0 0 0 0 0 5 0 19 0 0 0 0 0 59 0 45 0 0 82 0 0 0 80 80 0 69 0 0 0 53 61 0 0 0 0 0 0 
0 0 96 0 98 73 0 98 0 0 0 98 0 0 34 32 0 0 0 0 0 0 0 0 95 0 67 0 0 8 0 84 73 0 0 20 54 0 0 63 0 0 74 0 0 0 73 98 0 69 0 99 59 36 0 0 0 0 0 0 74 0 0 0 18 12 0 0 0 0 0 0 27 0 0 0 59 0 95 0 45 76 0 0 20 0 0 0 0 0 0 0 0 39 0 0 0 0 13 0 19 0 0 27 0 42 30 0 21 87 51 0 0 10 0 89 0 0 0 0 
0 34 0 0 80 0 0 43 0 0 0 0 0 0 87 0 26 0 0 0 0 75 66 0 0 65 0 17 0 0 0 0 0 0 0 0 38 10 0 0 0 0 44 0 0 27 54 0 0 0 0 0 98 60 0 0 66 0 0 34 0 3 0 27 20 0 0 0 0 67 0 28 64 0 0 0 90 0 0 53 0 0 0 0 38 0 0 0 68 49 0 0 0 71 0 11 0 0 11 0 0 0 74 0 0 0 25 50 0 0 97 55 47 99 0 0 88 0 56 0 
25 0 0 65 86 70 1 60 47 3 56 0 0 0 94 0 0 81 0 48 0 0 32 0 0 39 0 83 0 42 0 96 45 81 47 57 78 0 0 0 1 78 0 0 48 12 0 0 0 63 27 22 0 0 0 66 0 0 99 0 0 0 0 0 0 0 0 0 0 0 24 0 83 0 0 0 0 4 24 0 0 62 6 0 0 0 6 0 0 27 0 0 60 22 49 47 0 12 0 0 0 39 42 89 0 16 79 0 0 0 0 0 0 0 0 0 0 4 1 0 
56 0 0 0 0 78 0 9 0 0 0 45 0 0 0 0 48 0 1 0 0 66 0 0 0 0 0 35 0 58 36 0 0 4 0 0 0 47 0 0 0 6 0 0 0 0 53 0 0 0 3 81 0 15 0 0 0 0 32 58 0 0 66 0 0 0 60 0 0 0 1 82 0 0 100 57 0 0 0 0 66 98 0 0 0 0 0 22 77 0 0 0 0 0 30 90 0 0 67 0 0 4 41 0 0 0 0 26 0 0 0 0 0 0 0 57 0 0 0 84 
0 0 0 0 56 0 57 97 67 0 68 0 0 0 68 93 0 0 0 0 23 0 0 0 0 0 0 40 0 0 72 0 33 0 0 63 0 0 0 20 0 0 66 17 0 0 0 0 0 0 0 0 0 90 0 0 99 32 0 0 0 88 0 0 0 0 0 55 0 95 15 0 0 71 0 89 0 0 0 56 74 0 0 0 6 20 96 0 33 20 0 0 0 70 0 0 0 0 0 95 0 0 0 49 31 0 0 0 66 94 0 0 0 0 19 0 0 0 0 0 
0 0 0 0 0 0 49 0 0 0 26 0 0 0 30 95 0 0 0 0 0 0 0 0 0 0 0 0 0 0 65 0 0 0 0 0 0 0 0 0 78 0 0 22 72 9 0 0 0 64 0 2 73 0 0 34 0 58 0 0 37 0 0 0 0 0 8 6 0 0 0 41 0 0 0 28 73 92 0 0 0 0 48 0 0 0 0 0 0 0 0 0 0 0 27 0 0 54 0 0 0 0 83 62 100 0 0 0 0 0 0 99 0 48 0 0 0 57 91 0 
0 0 0 0 0 0 0 0 0 0 0 34 0 0 98 0 0 98 90 53 79 0 0 0 0 0 0 0 0 33 0 91 0 0 0 0 0 69 0 0 0 70 38 0 0 65 0 0 0 0 38 0 83 0 74 0 0 0 0 37 0 0 0 74 0 0 0 0 76 0 0 0 0 0 0 84 0 58 0 0 0 8 0 0 0 0 0 0 0 0 3 90 78 30 0 0 0 0 0 0 7 0 0 0 0 84 37 0 24 15 0 62 0 17 0 91 0 30 86 0 
0 57 0 0 0 0 0 0 0 0 61 0 0 88 0 82 0 0 62 0 25 0 0 75 0 10 88 57 0 0 40 0 0 83 0 0 0 0 0 39 0 0 13 0 0 89 0 0 59 0 84 0 95 9 0 3 0 0 88 0 0 0 0 0 0 0 43 41 0 0 0 0 0 12 100 0 23 0 0 6 1 29 20 0 2 22 51 71 0 47 0 0 0 0 0 0 65 0 0 12 5 0 0 52 78 0 0 0 70 0 0 0 99 0 98 93 0 0 19 0 
0 49 0 73 0 0 0 0 0 0 9 75 92 0 0 5 0 0 0 0 33 0 0 0 0 87 0 91 18 9 0 0 0 0 0 26 0 0 65 0 0 0 0 0 0 65 92 0 0 53 0 0 0 0 0 0 0 66 0 0 0 0 0 51 0 6 0 0 0 48 0 0 36 0 0 0 0 0 56 0 0 8 0 0 35 0 0 0 0 45 65 8 0 0 0 86 84 0 0 2 0 0 0 26 0 46 0 0 0 0 0 52 0 0 0 0 98 0 0 22 
0 83 0 0 0 0 100 40 0 0 0 0 0 98 48 0 0 86 52 0 0 0 0 0 0 64 97 0 0 0 0 0 0 91 30 68 0 26 0 0 2 0 0 0 0 0 0 0 0 37 0 0 0 75 0 27 0 0 0 0 74 0 51 0 0 0 0 0 0 88 0 96 0 76 0 99 0 54 0 0 0 0 25 77 0 0 0 43 0 0 0 0 0 0 95 0 0 0 0 0 0 0 0 90 0 0 66 0 29 28 11 0 0 39 82 0 0 59 0 34 
11 0 0 77 0 66 96 24 0 0 0 43 23 0 0 0 0 0 0 0 41 45 17 7 0 0 0 0 0 69 0 49 19 0 0 0 91 0 5 0 0 0 32 0 0 96 75 76 0 94 0 0 0 0 18 20 0 0 0 0 0 0 0 0 0 0 12 89 53 30 38 36 31 0 0 12 0 0 0 0 0 0 9 0 0 25 0 0 0 0 0 0 0 0 0 0 92 0 0 0 0 0 0 15 0 0 0 24 3 0 0 0 0 0 0 0 0 0 0 50 
0 0 0 0 0 0 27 70 60 0 33 0 2 0 0 43 91 0 0 66 0 0 0 0 20 57 95 20 30 0 0 0 70 21 0 42 78 0 0 0 70 24 0 92 0 94 0 68 0 62 0 0 0 53 12 0 0 0 0 0 0 0 6 0 0 0 0 28 0 96 47 0 0 0 0 0 0 75 0 0 0 2 0 22 0 0 0 48 90 0 0 86 0 0 6 62 0 0 23 0 0 52 0 0 36 0 0 0 65 0 51 0 0 0 72 0 42 0 48 0 
0 0 55 0 0 0 0 0 0 0 0 7 0 0 0 0 0 0 0 0 0 79 0 0 0 0 34 85 81 0 0 4 15 0 0 3 0 46 0 0 0 55 0 0 60 0 0 0 0 2 0 0 0 0 0 0 0 60 0 8 0 43 0 0 12 0 0 0 68 68 0 14 0 0 0 55 54 0 0 80 0 34 0 0 27 0 0 0 0 0 14 66 0 0 0 0 7 0 0 0 78 0 42 50 71 0 0 0 7 0 0 0 0 72 0 0 0 7 0 37 
0 0 0 0 0 0 0 0 0 0 44 88 0 0 0 0 0 20 0 0 59 0 0 0 0 20 0 0 0 0 0 0 0 4 0 0 0 0 0 100 0 0 49 0 0 61 61 0 0 44 0 0 0 0 0 0 0 0 55 6 0 41 0 0 89 28 0 0 34 0 0 0 0 49 0 89 0 80 36 65 0 0 0 0 0 0 63 0 67 0 0 0 0 0 64 0 0 0 0 0 0 0 0 0 0 12 0 93 0 0 0 95 89 0 31 20 0 2 59 0 
0 0 0 24 0 32 0 97 37 2 0 35 12 68 0 0 87 77 0 0 0 0 0 33 0 96 51 0 61 0 0 0 0 0 16 0 0 76 0 0 27 0 0 0 67 0 0 0 0 0 37 0 0 0 0 0 0 0 0 0 76 0 0 0 53 0 68 34 0 0 0 0 0 69 0 0 0 0 12 0 58 0 0 0 18 0 0 0 0 82 0 0 0 0 0 86 0 0 0 0 60 0 21 9 69 87 16 0 0 0 0 2 0 0 39 0 0 0 23 75 
6 87 0 14 0 23 0 0 0 0 0 57 63 0 6 0 0 0 0 35 0 0 5 0 0 0 0 0 0 93 98 0 95 17 0 0 0 0 25 0 0 0 0 62 14 32 10 0 0 95 0 24 48 76 0 67 0 0 95 0 0 0 48 88 30 96 68 0 0 0 0 0 0 0 0 0 0 72 0 0 0 24 0 0 0 0 0 0 0 0 0 0 0 0 34 0 0 0 0 0 0 0 0 22 100 0 0 0 84 11 86 82 8 23 0 0 0 0 65 0 
73 11 60 0 82 0 5 88 0 5 25 0 0 0 0 51 0 0 51 0 29 0 0 0 0 0 48 0 16 72 0 0 0 0 0 49 0 0 0 0 77 100 12 0 0 40 46 0 80 0 0 0 97 0 0 0 24 1 15 0 0 0 0 0 38 47 0 0 0 0 0 11 0 0 0 0 0 0 4 0 0 10 84 0 12 47 36 50 36 0 92 49 0 0 13 0 0 56 0 0 0 0 0 63 0 0 57 0 53 0 100 0 38 0 0 100 0 50 0 64 
0 0 0 0 0 0 27 0 20 0 0 0 0 0 7 88 0 44 49 36 27 50 41 0 63 0 0 0 0 0 0 0 0 0 0 0 0 0 84 0 0 66 0 0 78 51 0 0 0 0 0 0 0 0 0 28 0 82 0 41 0 0 0 96 36 0 14 0 0 0 11 0 0 0 100 0 0 0 76 0 0 51 0 18 0 31 77 0 0 0 0 0 100 0 0 0 70 0 0 45 0 0 0 100 0 0 89 0 0 6 29 0 79 81 0 77 55 10 92 47 
10 0 0 8 0 76 33 0 0 0 52 17 38 0 15 4 26 26 58 40 0 29 0 0 61 0 58 0 0 0 21 33 38 0 51 0 33 0 0 0 17 70 91 14 64 0 0 0 48 49 0 16 0 0 27 64 83 0 0 0 0 0 36 0 31 0 0 0 0 0 0 0 0 76 0 0 0 0 0 0 40 69 0 0 96 0 95 0 0 0 0 83 0 0 0 91 96 0 0 0 0 0 0 0 88 0 0 0 51 9 84 79 21 0 0 0 0 0 0 48 
0 88 0 0 0 32 76 90 84 0 12 0 0 83 0 0 0 84 0 0 85 0 0 9 0 0 51 37 0 0 0 2 0 29 0 0 0 0 0 0 0 0 63 45 0 0 0 0 61 51 0 53 27 95 0 0 0 0 71 0 0 12 0 76 0 0 0 49 69 0 0 0 76 0 0 73 12 0 3 0 0 0 0 0 0 81 0 62 2 0 0 76 0 97 0 0 99 14 0 0 35 47 7 24 83 0 0 0 0 0 0 7 0 0 25 0 35 91 60 9 
24 62 0 50 0 78 0 0 0 93 0 0 0 0 0 63 0 0 0 0 35 71 0 0 0 0 0 0 71 0 0 0 59 92 0 0 69 0 0 13 0 0 0 0 0 16 0 0 46 0 0 0 74 0 0 0 0 100 0 0 0 100 0 0 0 0 0 0 0 0 0 100 0 0 0 25 0 79 0 4 32 57 27 0 84 0 0 0 9 0 19 0 0 0 0 0 0 0 0 3 0 0 33 0 0 94 0 0 0 89 0 0 0 61 0 0 0 0 0 0 
0 69 0 3 0 0 19 96 0 0 0 0 0 0 0 96 13 32 0 0 62 0 0 0 0 67 0 19 0 0 0 50 68 88 0 0 0 0 0 0 0 24 0 0 0 0 58 0 0 28 0 0 34 0 0 0 0 57 89 28 84 0 0 99 12 0 55 89 0 0 0 0 0 73 25 0 0 0 0 0 97 0 0 0 0 0 0 99 0 77 0 0 0 73 0 0 0 0 0 0 84 0 93 0 0 76 0 67 5 0 21 0 0 0 39 0 75 0 0 51 
0 0 0 45 57 87 0 90 0 0 0 0 69 3 0 0 17 0 0 0 0 0 0 41 61 0 56 94 61 0 0 0 0 44 0 0 99 0 0 0 80 0 88 0 0 0 0 93 77 91 0 0 0 0 59 90 0 0 0 73 0 23 0 0 0 0 54 0 0 0 0 0 0 12 0 0 0 0 15 0 0 0 0 8 0 0 0 82 0 0 0 0 78 8 24 0 44 0 79 0 0 0 75 0 87 0 0 0 0 6 0 0 0 0 0 0 22 33 0 0 
0 0 0 0 53 0 12 0 43 0 0 20 0 0 0 0 0 0 100 0 0 0 19 0 0 0 0 0 29 10 0 0 0 0 0 93 0 97 0 100 41 0 0 60 98 74 0 0 0 0 0 0 71 82 0 0 4 0 0 92 58 0 0 54 0 75 0 80 0 72 0 0 0 0 79 0 0 0 0 0 0 31 0 0 72 74 0 0 55 4 0 91 47 0 0 0 0 62 0 0 14 58 0 0 55 0 0 0 60 38 0 0 77 51 0 60 0 0 0 0 
0 26 0 0 0 0 0 0 74 0 32 0 15 0 0 0 0 74 72 0 62 0 37 0 0 0 0 0 9 0 0 0 62 0 0 58 0 0 0 0 74 0 0 8 0 66 0 0 92 0 0 70 0 0 95 0 24 0 0 0 0 0 56 0 0 0 0 36 12 0 4 76 0 3 0 0 15 0 0 0 7 0 0 10 0 0 0 84 73 0 0 0 0 0 41 0 10 0 85 0 96 0 0 0 0 0 0 0 33 0 0 0 0 0 0 0 96 0 63 77 
0 25 0 24 0 96 42 0 0 0 0 0 0 0 0 0 80 0 0 41 0 60 40 24 0 0 0 76 0 0 0 33 30 78 0 39 0 14 0 0 0 0 0 0 0 0 0 0 24 15 41 80 0 0 0 53 0 0 56 0 0 6 0 0 0 0 80 65 0 0 0 0 0 0 4 0 0 0 0 0 66 0 67 36 0 0 0 63 64 94 0 0 0 62 0 0 39 29 36 0 0 0 0 7 91 45 25 40 0 38 0 0 0 0 0 98 0 0 0 0 
0 0 0 0 0 0 0 0 0 18 0 0 83 86 0 39 39 0 0 0 0 14 65 0 0 10 0 0 0 0 0 0 36 68 0 0 0 0 0 0 91 65 24 0 75 0 0 0 0 0 64 0 64 0 45 0 0 66 74 0 0 1 0 0 0 0 0 0 58 0 0 0 40 0 32 97 0 0 7 66 0 0 32 0 0 0 0 44 0 65 3 0 0 38 13 21 0 0 0 7 73 0 28 0 0 0 0 0 0 6 7 0 0 0 0 30 0 0 0 63 
0 0 0 59 71 0 0 0 0 0 59 0 0 0 0 73 0 0 0 0 0 0 0 55 0 0 0 0 0 0 16 0 75 48 84 0 0 48 0 76 53 0 57 48 0 37 27 0 0 0 0 45 0 0 76 0 62 98 0 0 8 29 8 0 0 2 34 0 0 24 10 51 69 0 57 0 0 31 0 0 0 0 0 0 0 0 0 94 0 0 0 0 42 0 0 23 71 0 0 70 0 0 0 0 0 0 71 0 73 0 92 94 40 4 0 5 0 0 17 26 
0 0 0 0 42 0 0 0 0 55 0 27 13 100 0 0 21 0 0 0 6 21 0 6 11 0 0 0 0 0 0 0 48 20 0 0 5 0 24 0 47 0 0 32 48 0 0 0 0 0 60 0 0 84 0 0 6 0 0 48 0 20 0 25 9 0 0 0 0 0 84 0 0 0 27 0 0 0 0 67 32 0 0 0 0 38 0 69 79 0 0 0 0 0 0 83 0 0 0 0 0 0 0 0 58 23 0 0 0 77 67 0 0 60 25 0 57 0 17 46 
50 71 0 0 0 0 0 0 0 0 0 0 0 0 0 0 28 0 90 0 71 0 0 0 0 4 0 0 0 70 26 0 0 0 0 0 0 0 0 47 70 0 9 36 0 27 58 66 7 35 0 7 0 0 0 0 0 0 0 0 0 0 0 77 0 22 0 0 0 0 0 18 0 0 0 0 8 0 10 36 0 0 0 0 0 74 0 0 0 0 0 0 0 0 0 34 0 0 0 0 0 52 0 0 0 0 0 0 77 0 80 57 50 0 40 0 0 80 0 0 
0 57 47 0 85 17 0 0 0 0 100 0 0 0 57 0 2 0 31 96 0 0 0 0 0 0 0 0 0 0 0 0 85 0 0 0 0 0 0 0 0 0 0 30 0 0 0 0 8 0 0 0 0 0 20 38 0 0 6 0 0 2 35 0 0 0 27 0 18 0 12 0 96 0 84 0 0 72 0 0 0 0 0 0 0 0 0 0 0 32 0 0 52 0 0 55 0 0 0 0 0 0 67 0 44 51 0 0 0 83 0 0 0 0 0 0 0 0 0 38 
0 0 0 0 0 0 22 0 0 0 0 0 0 0 23 0 31 0 0 67 0 31 40 52 0 0 0 12 5 0 0 63 0 28 11 0 0 88 0 0 0 65 34 0 60 0 99 0 89 0 0 0 27 0 0 0 0 0 20 0 0 22 0 0 25 0 0 0 0 0 47 31 0 81 0 0 0 74 0 0 0 0 38 74 0 0 0 0 0 0 43 0 52 0 0 0 0 95 22 0 0 5 0 11 0 0 93 6 32 0 0 0 0 0 85 0 0 0 0 0 
0 0 0 19 0 21 32 0 0 65 0 0 26 0 0 6 0 72 0 93 0 0 13 0 37 77 61 22 0 70 81 0 0 0 0 0 61 56 19 31 0 62 96 0 0 33 0 0 0 0 0 0 0 0 0 0 6 0 96 0 0 51 0 0 0 0 0 63 0 0 36 77 95 0 0 0 0 0 0 0 0 0 0 0 0 0 0 0 6 80 15 0 60 81 76 74 65 84 70 44 0 88 0 0 0 0 76 0 0 0 12 0 0 12 0 0 0 0 0 0 
40 0 0 0 0 0 35 4 0 24 0 87 11 88 26 0 36 70 50 0 0 0 0 29 42 0 0 0 0 98 0 60 85 0 0 0 95 0 0 0 33 0 0 0 0 0 7 87 0 0 0 0 54 0 0 0 0 22 0 0 0 71 0 43 0 48 0 0 0 0 50 0 0 62 0 99 82 0 84 63 44 94 69 0 0 0 0 0 0 70 0 42 0 0 0 0 0 0 6 45 0 13 0 25 0 0 23 0 69 82 0 0 0 42 0 0 100 23 50 0 
0 0 0 57 0 60 0 0 0 0 0 0 23 0 73 0 0 35 9 0 0 0 42 0 0 23 0 0 77 0 12 86 0 0 0 83 67 90 0 0 0 40 93 0 100 0 57 0 0 7 0 0 0 5 0 68 0 77 33 0 0 0 0 0 0 90 0 67 0 0 36 0 0 2 9 0 0 55 73 64 0 0 79 0 0 0 6 0 0 0 0 74 0 12 0 4 0 0 0 21 0 0 0 0 0 12 0 0 0 0 0 49 0 0 0 0 58 59 0 0 
0 0 0 23 19 0 0 0 0 0 0 0 0 0 0 0 13 0 0 0 0 0 0 0 0 39 0 0 0 0 0 0 75 17 27 0 0 64 0 0 0 0 17 0 22 0 74 0 82 79 69 0 0 0 0 49 27 0 20 0 0 47 45 0 0 0 0 0 82 0 0 0 0 0 0 77 0 4 0 94 65 0 0 0 32 0 80 70 0 0 0 28 0 0 0 0 0 79 0 0 65 0 0 0 35 14 61 34 15 0 0 72 65 53 0 0 0 78 0 0 
0 16 0 16 16 0 0 0 0 0 49 0 72 0 0 0 0 0 60 0 0 0 0 0 32 0 0 84 0 0 32 69 0 10 0 93 70 0 0 0 57 0 92 0 0 98 0 0 40 0 0 26 0 19 0 0 0 0 0 0 3 0 65 0 0 0 14 0 0 0 92 0 0 0 19 0 0 0 0 0 3 0 0 0 0 43 15 0 0 0 0 38 0 0 0 0 0 27 0 45 0 63 0 0 0 0 0 0 0 0 0 0 60 62 8 47 0 0 0 0 
0 0 17 0 0 2 0 64 71 0 0 0 0 43 0 0 0 0 0 2 0 67 0 0 0 0 29 0 3 0 0 0 98 89 18 0 24 0 0 0 91 0 5 0 39 0 0 25 0 0 0 0 44 0 0 0 0 0 0 0 90 0 8 0 0 86 66 0 0 0 49 0 83 76 0 0 0 91 0 0 0 0 0 0 0 0 0 42 74 28 38 0 0 28 31 0 0 0 0 0 0 0 67 0 0 24 0 25 0 0 0 0 0 0 58 0 0 0 0 0 
0 38 0 70 35 0 0 46 0 41 20 26 0 0 0 0 0 0 84 0 75 56 46 92 53 0 0 0 0 0 0 61 0 0 0 0 0 91 0 0 0 0 0 0 0 16 0 0 0 0 0 56 3 0 0 0 60 0 0 0 78 0 0 0 0 0 0 0 0 0 0 100 0 0 0 0 78 47 0 0 0 42 0 0 52 52 60 0 0 0 0 0 0 0 0 80 0 0 0 0 89 0 0 0 69 47 0 0 0 87 0 0 0 0 0 0 0 0 0 0 
0 0 0 77 0 0 0 80 15 80 0 0 0 53 0 18 0 0 0 0 90 0 0 0 98 0 22 0 0 7 0 0 0 0 0 0 9 0 64 1 0 0 0 0 0 0 54 0 81 0 0 0 41 0 39 71 22 0 70 0 30 0 0 0 0 0 0 0 0 0 0 0 0 97 0 73 8 0 0 62 38 0 0 0 0 0 81 0 12 0 0 28 0 0 0 44 0 0 0 0 85 0 0 0 53 5 0 70 0 0 0 0 0 0 46 52 0 0 0 0 
0 69 0 0 62 0 0 0 0 0 10 0 0 0 95 53 0 49 0 0 76 0 1 0 32 55 0 0 0 0 0 0 0 48 0 90 0 0 0 26 0 0 0 0 87 0 33 56 79 0 0 0 0 0 0 0 49 30 0 27 0 0 0 95 0 6 0 64 0 34 13 0 0 0 0 0 24 0 41 0 13 0 0 0 0 0 76 0 0 0 0 31 0 0 0 86 0 0 0 0 0 26 66 93 0 0 0 0 0 0 7 0 0 0 0 0 6 0 0 0 
0 0 0 0 6 0 0 0 69 0 50 48 0 0 0 0 0 2 0 0 18 0 0 0 87 0 0 0 0 42 0 0 0 0 0 0 0 66 74 0 0 76 0 46 17 0 21 0 0 93 0 24 46 0 0 11 47 90 0 0 0 0 86 0 0 62 0 0 86 0 0 0 91 0 0 0 0 0 0 0 21 23 83 34 55 0 74 0 4 0 0 0 80 44 86 0 16 0 90 0 8 0 0 0 0 69 74 29 0 34 0 0 0 54 0 0 68 0 8 0 
0 0 0 84 0 9 0 28 94 43 0 0 0 0 0 44 29 65 0 89 30 0 0 0 79 0 0 0 0 91 0 0 97 22 0 8 53 0 0 0 0 16 0 91 0 0 30 6 0 0 0 53 0 59 0 0 0 0 0 0 0 65 84 0 92 0 7 0 0 0 0 70 96 99 0 0 44 0 10 39 0 71 0 0 0 0 65 0 0 0 0 0 0 0 0 16 0 0 0 0 76 0 66 28 83 49 0 0 0 0 0 73 4 40 0 0 75 0 0 0 
79 0 0 0 0 19 0 0 37 0 0 86 0 0 0 0 0 0 50 71 0 0 0 0 75 0 0 0 46 0 0 49 0 0 27 0 0 0 0 19 96 24 96 0 77 0 0 0 0 0 0 0 0 0 0 0 12 0 0 54 0 0 0 0 0 0 0 0 0 0 56 0 0 14 0 0 0 62 0 29 0 0 0 0 0 95 84 0 0 79 27 0 0 0 0 0 0 0 0 14 0 0 0 100 48 0 0 0 12 0 0 11 6 0 0 0 0 68 0 29 
0 0 0 26 0 29 61 53 0 91 0 0 0 0 61 0 0 28 0 0 0 46 0 0 67 0 0 0 0 0 0 89 0 100 88 30 0 0 0 92 0 0 0 64 70 0 12 0 0 82 0 0 9 45 13 11 0 67 0 0 0 0 0 0 0 23 0 0 0 0 0 0 0 0 0 0 79 0 85 36 0 0 0 0 0 22 70 6 0 0 0 0 0 0 0 90 0 0 0 0 8 0 0 0 0 31 0 57 0 10 0 0 0 21 0 0 0 0 55 0 
83 0 98 0 99 0 0 0 0 0 0 0 0 0 6 80 72 0 0 0 0 0 12 0 0 45 41 71 0 0 0 0 0 0 0 0 0 0 0 0 70 0 0 55 87 0 0 77 0 47 81 0 0 0 0 0 0 0 95 0 0 12 2 0 0 0 0 0 0 0 0 45 0 0 3 0 0 0 0 0 7 70 0 0 0 0 44 45 21 0 45 0 0 0 0 0 0 14 0 0 0 0 0 0 54 0 0 0 68 0 14 0 0 0 0 28 0 0 2 45 
60 0 0 0 0 26 0 94 90 0 0 0 0 0 28 0 22 0 0 0 0 0 0 14 29 0 0 71 0 0 34 0 0 56 0 0 0 0 0 0 0 0 0 0 74 0 0 0 0 0 10 0 0 0 19 0 0 0 0 0 7 5 0 0 0 0 78 0 60 0 0 0 0 35 0 84 0 14 96 0 73 0 0 0 0 0 0 0 0 65 0 0 89 85 0 8 76 0 8 0 0 0 0 0 0 0 67 0 0 0 0 0 0 0 0 83 0 52 0 0 
0 0 0 54 0 0 0 74 0 0 0 0 0 0 96 0 0 0 0 33 35 16 79 16 63 76 18 6 56 0 0 30 0 0 0 6 0 0 16 0 0 0 0 95 0 0 0 0 0 0 6 0 78 82 0 0 39 4 0 0 0 0 0 0 0 52 0 0 0 0 0 0 0 47 0 0 0 58 0 0 0 0 0 52 0 5 88 13 0 0 63 0 0 0 26 0 0 0 0 0 0 0 0 0 0 0 67 0 48 0 0 34 0 0 0 0 0 0 62 0 
0 0 86 0 74 51 42 64 79 60 0 19 0 60 21 38 9 0 80 0 8 0 0 0 0 0 0 0 0 0 0 50 0 56 0 0 0 0 0 0 6 0 83 0 0 0 0 0 82 0 12 0 0 0 0 74 42 41 0 83 0 0 0 0 0 0 42 0 21 0 0 0 0 7 33 93 75 0 0 0 28 0 0 0 67 0 0 0 0 0 0 67 0 0 66 0 66 0 0 0 0 0 0 0 0 0 0 9 78 13 38 0 0 57 0 39 50 0 17 0 
0 0 0 0 0 0 20 0 0 0 0 0 0 0 31 0 0 0 0 0 95 63 0 0 82 0 14 0 0 79 0 0 12 86 0 0 0 0 0 22 0 62 67 0 74 23 0 0 0 9 45 0 0 0 27 0 89 0 49 62 0 52 26 90 15 0 50 0 9 22 63 100 0 24 0 0 0 0 0 7 0 0 0 0 0 11 0 25 0 0 0 0 0 0 93 0 28 100 0 0 0 0 0 0 0 0 0 68 55 0 0 0 97 89 0 0 65 37 7 0 
0 97 0 0 0 0 0 58 24 0 73 0 0 74 24 0 0 94 62 94 0 81 0 48 0 0 55 0 80 19 0 16 0 0 0 77 43 3 0 0 0 0 38 0 2 0 0 0 78 30 0 5 0 0 0 0 0 0 31 100 0 78 0 0 0 36 71 0 69 100 0 0 88 83 0 0 87 55 0 91 0 0 58 0 44 0 0 0 0 35 0 0 69 53 0 0 83 48 0 54 0 0 0 0 0 0 23 48 0 0 0 0 0 0 0 0 0 0 0 0 
0 0 4 0 69 0 0 0 44 57 0 0 68 0 0 0 0 0 0 79 0 0 9 0 44 0 0 67 19 0 0 0 12 0 0 98 0 0 65 0 0 43 0 0 75 78 79 0 16 48 0 0 0 80 42 0 16 0 0 0 84 0 46 0 0 0 0 12 87 0 0 0 0 0 94 76 0 0 0 45 0 0 23 0 51 0 0 0 12 14 0 24 47 5 0 69 49 0 31 0 0 0 0 0 0 0 0 39 0 65 0 68 27 66 0 0 45 67 74 18 
0 0 47 0 0 12 3 0 0 31 0 0 0 0 0 0 55 0 0 0 0 29 0 0 0 0 16 0 42 58 0 75 25 77 0 0 82 0 92 97 0 0 0 0 88 12 78 0 0 0 0 0 0 80 30 25 79 0 0 0 37 0 0 66 0 0 0 0 16 0 57 89 0 0 0 0 0 0 0 25 0 71 0 0 0 93 76 23 0 61 0 0 0 0 0 74 0 0 0 0 67 67 0 0 23 0 0 0 0 0 0 28 21 0 0 0 0 78 25 0 
0 30 0 0 0 0 0 0 0 14 0 0 29 0 0 0 0 0 0 0 0 66 73 0 4 0 0 25 0 0 0 0 0 0 0 82 58 0 0 0 0 0 0 0 0 47 4 12 0 0 79 0 90 0 0 50 0 26 0 0 0 0 0 0 24 0 0 93 0 0 0 0 0 0 0 67 0 0 0 40 0 0 0 0 0 6 0 0 0 34 0 25 0 70 0 29 0 0 57 0 0 0 9 68 48 39 0 0 0 45 0 0 0 0 0 0 0 0 0 62 
0 0 59 0 84 0 0 0 0 0 28 0 0 89 0 0 0 85 0 0 0 0 0 0 0 0 0 0 0 0 0 0 0 0 0 0 0 0 0 0 0 0 0 0 70 0 33 63 0 0 0 0 0 69 21 0 0 0 66 0 24 70 0 29 3 65 7 0 0 84 53 0 51 0 0 5 0 60 33 0 0 73 0 77 0 32 0 69 0 15 0 0 0 0 0 0 0 12 0 68 0 48 78 55 0 0 0 0 0 0 0 74 0 82 0 13 0 0 70 0 
66 0 50 0 0 65 0 0 94 62 0 0 17 0 0 21 0 0 0 0 84 0 0 0 35 0 0 0 0 51 81 6 0 0 0 0 0 10 1 0 0 0 0 0 0 0 0 0 94 37 0 0 0 0 87 0 0 0 94 0 15 0 0 28 0 0 0 0 0 11 0 6 9 0 89 0 6 38 0 38 6 0 77 0 83 0 0 82 0 0 0 0 87 0 0 34 0 0 10 0 0 0 13 0 0 65 0 45 0 0 0 0 7 27 0 0 62 0 100 0 
0 0 0 0 0 0 43 0 33 0 58 0 0 18 0 0 0 0 0 81 82 0 0 0 71 50 0 60 0 43 100 0 54 0 0 59 0 0 0 0 0 39 0 0 72 0 0 1 88 0 54 0 70 0 51 97 0 0 0 0 0 0 0 11 0 51 0 0 0 86 100 29 84 0 0 21 0 0 0 0 7 92 67 80 0 0 12 0 0 0 0 0 0 0 7 0 0 0 0 14 0 0 38 0 0 0 0 0 0 0 0 51 0 0 0 0 0 0 29 0 
0 0 45 0 38 0 0 0 89 46 0 57 100 0 0 0 0 0 48 81 0 65 0 0 0 78 16 0 0 0 0 0 92 0 100 0 0 0 0 0 0 0 0 33 0 0 0 0 0 0 0 0 0 0 0 55 0 0 0 99 62 0 52 0 0 0 0 95 2 82 0 0 79 7 0 0 0 0 0 0 0 94 0 57 0 0 0 0 49 72 0 0 0 0 0 0 73 11 0 0 0 34 0 0 0 68 28 0 74 0 51 0 36 0 0 92 0 0 0 79 
0 100 0 0 0 0 41 25 0 0 0 54 93 0 0 0 35 17 70 89 0 0 0 31 0 40 0 87 0 50 38 0 0 0 100 0 0 0 0 42 0 16 0 0 9 43 0 57 0 0 33 18 0 53 0 47 0 0 0 0 0 99 0 0 0 0 0 89 0 8 38 79 21 0 0 0 0 77 0 0 0 40 0 50 0 0 0 0 0 65 60 0 0 0 0 0 4 6 0 0 0 0 0 97 0 27 21 0 0 7 0 36 0 62 0 0 0 0 0 0 
44 0 0 33 0 0 0 0 0 95 0 9 0 0 66 0 86 0 97 97 31 0 0 43 0 0 0 0 0 0 0 0 17 0 0 0 0 0 54 0 0 64 0 29 0 0 0 26 0 28 0 0 99 61 10 99 0 0 0 48 17 0 0 39 0 0 72 0 0 23 0 81 0 0 61 0 0 51 0 0 0 4 60 0 0 0 12 42 0 53 62 0 0 0 0 54 40 0 21 0 0 0 57 89 0 66 0 0 82 27 0 0 62 0 0 16 0 83 30 0 
0 0 0 0 0 71 63 74 0 0 27 0 0 5 0 0 51 0 71 0 0 86 0 75 50 0 0 81 0 0 0 0 0 0 18 44 51 46 17 0 39 67 45 0 0 45 0 0 6 0 0 0 50 0 0 0 0 0 19 0 0 98 0 82 0 72 0 31 39 0 0 0 0 25 0 39 0 0 0 0 0 0 25 40 0 85 0 0 0 0 8 58 0 46 0 0 0 0 0 0 0 0 0 0 0 0 0 0 0 0 0 0 0 0 0 0 0 0 65 48 
67 70 0 0 83 0 1 24 0 0 0 0 0 0 58 0 0 0 42 13 29 0 0 93 0 0 65 0 0 0 62 0 0 0 0 45 0 0 0 0 0 0 51 0 0 0 0 0 91 0 64 0 39 0 89 0 0 57 0 0 91 93 0 0 0 0 0 20 0 0 100 77 0 0 0 0 0 60 0 98 30 5 0 0 0 0 0 0 0 0 47 0 0 52 0 0 0 0 0 28 83 0 39 0 0 0 0 0 13 0 0 92 0 16 0 0 0 0 93 0 
1 0 0 0 0 35 8 0 0 0 50 0 45 59 0 0 0 0 0 71 85 0 0 0 0 51 0 0 0 0 63 0 76 33 0 63 0 0 0 18 0 0 0 0 0 0 53 0 0 64 0 0 0 0 0 88 0 0 0 0 0 0 98 0 0 42 0 0 0 0 0 55 0 35 0 75 22 0 96 0 0 0 57 0 0 0 0 100 58 0 0 0 0 0 6 68 75 0 0 0 0 0 50 65 0 45 0 0 0 62 0 0 0 0 0 0 0 57 0 0 
0 0 0 0 0 0 5 35 0 0 0 39 35 0 0 0 0 0 1 11 0 0 0 0 0 0 0 81 32 0 0 0 0 65 0 36 0 0 0 59 0 0 0 0 0 35 0 0 71 42 0 22 16 0 0 0 4 0 0 57 30 0 0 59 0 0 7 2 0 0 50 10 0 91 0 0 33 0 0 0 0 0 0 80 0 0 0 23 59 78 0 0 0 0 0 0 0 68 0 0 52 0 0 37 0 67 78 0 0 0 0 0 0 83 0 0 57 0 0 37 
0 0 0 0 0 0 0 57 0 0 5 0 87 67 0 0 0 0 0 50 31 0 0 0 0 0 0 0 44 71 0 0 41 25 0 0 0 0 0 0 0 0 0 0 48 0 0 0 5 0 91 22 0 0 0 56 1 0 0 91 86 19 0 0 0 48 0 59 23 65 0 92 0 60 0 0 0 0 63 0 0 17 17 0 0 0 0 50 0 0 0 0 0 0 0 8 0 0 55 2 0 62 17 7 0 74 25 0 70 100 29 0 0 30 65 93 0 0 0 0 
1 0 0 0 0 0 0 0 0 96 0 0 0 70 0 0 0 0 18 0 91 36 95 0 0 0 0 0 0 99 0 0 0 0 0 0 0 0 0 40 0 51 0 0 10 0 0 20 1 0 29 0 26 0 0 0 0 84 0 0 0 0 22 34 50 0 37 0 75 0 64 47 48 9 0 51 0 0 77 0 63 26 46 0 38 0 0 0 0 0 0 0 0 0 0 0 0 29 0 45 0 0 0 0 0 18 0 62 0 0 0 79 0 0 48 0 0 37 0 0 
