14 4
0 55 0 72 62 0 9 0 0 0 43 72 0 0 
55 0 24 0 0 48 41 0 49 24 13 0 0 0 
0 24 0 74 0 0 0 65 14 47 18 0 17 98 
72 0 74 0 0 34 0 91 0 73 46 0 24 14 
62 0 0 0 0 0 0 0 0 0 3 0 25 0 
0 48 0 34 0 0 13 13 0 21 66 0 13 0 
9 41 0 0 0 13 0 0 27 91 0 36 0 0 
0 0 65 91 0 13 0 0 0 74 91 0 0 74 
0 49 14 0 0 0 27 0 0 69 0 0 28 25 
0 24 47 73 0 21 91 74 69 0 51 0 61 41 
43 13 18 46 3 66 0 91 0 51 0 80 100 7 
72 0 0 0 0 0 36 0 0 0 80 0 0 42 
0 0 17 24 25 13 0 0 28 61 100 0 0 0 
0 0 98 14 0 0 0 74 25 41 7 42 0 0 
