30 6
0 0 15 0 91 0 0 0 0 24 0 0 0 0 0 0 0 0 55 0 30 24 0 82 28 0 93 0 0 71 
0 0 0 0 0 0 0 0 0 95 44 0 0 0 0 0 0 0 0 94 0 1 22 0 67 0 0 27 0 0 
15 0 0 0 0 0 25 12 70 0 0 0 0 73 29 85 0 49 76 0 21 0 0 0 0 71 65 0 43 0 
0 0 0 0 0 0 57 0 37 0 40 0 83 0 0 0 0 23 99 22 0 0 0 0 0 73 0 0 0 0 
91 0 0 0 0 0 86 0 0 0 31 78 0 30 0 19 3 49 0 16 39 0 0 40 13 0 0 0 0 0 
0 0 0 0 0 0 0 0 0 0 0 0 0 0 83 0 0 0 75 0 0 0 0 40 0 0 12 0 30 0 
0 0 25 57 86 0 0 0 91 0 0 0 0 0 0 0 0 60 30 78 32 0 0 0 0 0 17 48 61 0 
0 0 12 0 0 0 0 0 0 0 0 0 0 0 61 0 76 0 46 0 0 64 0 73 0 0 2 0 68 54 
0 0 70 37 0 0 91 0 0 0 47 0 0 0 0 0 0 0 0 28 0 0 0 0 69 25 12 0 0 0 
24 95 0 0 0 0 0 0 0 0 0 0 0 0 28 0 17 0 0 0 32 100 0 79 0 0 0 39 10 93 
0 44 0 40 31 0 0 0 47 0 0 0 30 0 0 0 91 0 69 0 0 0 0 0 0 0 0 78 0 0 
0 0 0 0 78 0 0 0 0 0 0 0 41 0 18 0 4 78 62 0 0 0 84 73 14 16 0 99 0 0 
0 0 0 83 0 0 0 0 0 0 30 41 0 0 0 92 0 0 0 26 83 0 17 0 0 0 26 0 0 0 
0 0 73 0 30 0 0 0 0 0 0 0 0 0 0 15 0 0 0 61 19 0 0 48 0 0 0 0 0 0 
0 0 29 0 0 83 0 61 0 28 0 18 0 0 0 0 0 0 0 0 52 43 0 84 60 0 13 0 4 0 
0 0 85 0 19 0 0 0 0 0 0 0 92 15 0 0 0 0 0 37 0 0 1 14 0 60 62 0 0 0 
0 0 0 0 3 0 0 76 0 17 91 4 0 0 0 0 0 0 0 0 0 0 0 77 0 0 0 0 0 0 
0 0 49 23 49 0 60 0 0 0 0 78 0 0 0 0 0 0 0 0 18 0 0 0 0 0 25 0 15 0 
55 0 76 99 0 75 30 46 0 0 69 62 0 0 0 0 0 0 0 0 38 0 0 0 0 99 0 0 100 0 
0 94 0 22 16 0 78 0 28 0 0 0 26 61 0 37 0 0 0 0 0 0 19 0 0 0 0 46 68 0 
30 0 21 0 39 0 32 0 0 32 0 0 83 19 52 0 0 18 38 0 0 21 0 55 0 0 0 0 32 97 
24 1 0 0 0 0 0 64 0 100 0 0 0 0 43 0 0 0 0 0 21 0 0 0 0 99 44 0 10 0 
0 22 0 0 0 0 0 0 0 0 0 84 17 0 0 1 0 0 0 19 0 0 0 0 0 0 0 0 91 0 
82 0 0 0 40 40 0 73 0 79 0 73 0 48 84 14 77 0 0 0 55 0 0 0 0 0 0 0 0 0 
28 67 0 0 13 0 0 0 69 0 0 14 0 0 60 0 0 0 0 0 0 0 0 0 0 0 0 96 0 0 
0 0 71 73 0 0 0 0 25 0 0 16 0 0 0 60 0 0 99 0 0 99 0 0 0 0 0 0 73 0 
93 0 65 0 0 12 17 2 12 0 0 0 26 0 13 62 0 25 0 0 0 44 0 0 0 0 0 40 0 25 
0 27 0 0 0 0 48 0 0 39 78 99 0 0 0 0 0 0 0 46 0 0 0 0 96 0 40 0 79 0 
0 0 43 0 0 30 61 68 0 10 0 0 0 0 4 0 0 15 100 68 32 10 91 0 0 73 0 79 0 0 
71 0 0 0 0 0 0 54 0 93 0 0 0 0 0 0 0 0 0 0 97 0 0 0 0 0 25 0 0 0 
