120 18
0 37 79 19 89 0 96 33 5 83 85 0 17 44 61 44 0 86 49 95 65 34 10 0 20 58 40 0 58 24 82 30 6 0 0 66 41 80 45 86 0 0 88 58 0 43 39 1 25 31 79 0 71 0 88 66 33 22 13 0 32 99 43 58 0 72 85 59 4 80 13 0 68 12 45 85 84 68 84 0 100 15 46 93 75 78 0 63 49 27 0 65 40 0 0 0 0 67 58 9 51 79 25 57 25 0 89 93 33 29 7 23 34 82 79 37 34 59 97 30 
37 0 34 51 40 59 0 0 19 69 70 85 67 32 88 80 0 41 0 36 57 0 41 54 62 0 55 18 83 22 14 17 69 25 0 94 0 25 63 32 90 94 96 36 55 0 53 0 66 40 14 99 24 92 0 9 0 94 22 93 81 93 98 96 9 54 83 33 77 79 0 25 0 0 0 82 40 12 51 0 68 37 0 74 80 86 0 5 96 37 0 71 83 0 35 62 57 0 39 0 0 25 22 0 0 0 0 4 0 22 86 26 0 17 23 39 34 85 15 93 
79 34 0 0 85 0 44 98 53 15 86 0 75 20 0 98 9 54 0 79 77 29 0 0 0 0 3 7 68 65 26 21 92 42 26 0 31 80 0 0 78 23 93 0 55 50 0 82 72 81 0 22 0 14 84 84 14 63 0 0 100 23 59 82 19 5 47 32 31 27 0 46 0 2 0 0 89 0 0 82 64 0 0 80 0 65 59 30 0 6 13 52 41 2 35 45 10 0 11 75 0 78 27 17 66 0 100 82 36 84 47 0 75 41 0 0 82 79 0 0 
19 51 0 0 39 62 0 62 22 10 45 99 0 46 0 0 44 20 46 21 29 84 59 75 49 0 0 0 2 74 54 8 11 41 0 45 8 57 23 0 28 0 87 88 64 31 43 22 40 0 8 19 22 81 69 32 77 51 91 84 0 0 3 82 0 62 91 0 47 49 0 0 1 93 38 51 0 69 0 84 0 21 0 25 0 0 64 57 34 2 0 77 82 0 80 0 10 53 0 10 7 79 74 0 88 11 84 81 47 46 80 21 11 93 64 32 59 0 63 1 
89 40 85 39 0 18 36 0 14 2 58 45 48 0 0 20 64 71 33 27 0 54 100 56 49 8 0 0 87 45 57 0 0 52 64 0 81 4 47 92 54 82 0 5 34 2 6 51 0 0 90 0 100 0 47 0 0 0 17 0 51 52 47 27 0 0 97 48 72 11 97 51 30 28 0 0 19 48 66 9 24 42 20 8 71 9 69 0 15 65 17 27 17 0 47 12 1 34 18 32 54 81 86 41 6 87 16 0 44 0 60 62 43 73 56 42 27 46 77 70 
0 59 0 62 18 0 0 89 0 54 93 74 97 56 33 32 55 86 49 34 74 0 89 16 68 48 21 0 46 83 59 83 37 0 47 18 48 0 98 25 0 0 48 0 8 82 88 0 0 0 52 76 57 5 35 9 0 0 88 0 0 99 90 21 74 85 29 20 46 95 20 50 0 97 9 46 67 43 0 1 75 6 0 54 88 100 18 20 83 44 32 41 67 6 0 91 80 14 8 100 58 90 0 79 38 0 85 100 4 14 33 0 80 72 12 44 92 67 53 0 
96 0 44 0 36 0 0 0 50 0 96 38 89 0 22 0 13 48 87 99 45 79 84 77 99 7 69 0 72 83 20 77 54 0 41 0 0 71 7 47 0 80 29 42 0 0 30 62 78 43 0 22 75 0 72 62 76 0 46 44 59 0 2 91 76 97 33 77 41 0 60 0 97 26 90 14 100 19 83 1 0 55 0 21 0 0 46 0 96 15 4 0 25 43 39 57 38 47 0 75 28 73 28 2 32 71 3 88 51 11 38 59 17 19 76 51 0 0 27 11 
33 0 98 62 0 89 0 0 34 33 97 4 6 74 31 0 85 96 22 40 53 0 76 44 0 9 38 7 0 33 31 97 99 79 86 58 44 68 0 0 0 29 14 61 0 72 43 82 0 35 63 15 21 0 0 0 45 94 81 37 11 48 0 34 13 23 85 38 35 79 0 16 59 82 37 91 49 34 78 75 80 85 94 70 1 0 31 60 88 70 77 40 82 53 30 0 96 0 34 0 4 0 18 35 11 58 65 29 0 69 0 73 63 9 0 12 88 44 0 0 
5 19 53 22 14 0 50 34 0 73 26 78 9 59 30 53 0 64 56 48 0 79 62 49 35 0 95 0 0 71 38 0 0 17 3 28 33 0 54 54 24 0 52 59 46 5 93 0 34 20 89 100 0 60 27 48 78 81 12 69 53 44 60 0 0 88 73 50 10 36 91 19 75 0 72 71 92 24 42 47 93 37 73 18 76 52 57 51 0 65 0 5 23 0 76 0 44 90 0 40 30 64 51 57 14 33 21 64 5 89 63 0 40 52 6 87 85 10 88 86 
83 69 15 10 2 54 0 33 73 0 55 0 0 28 0 0 0 35 47 0 0 0 88 69 0 36 10 90 0 0 0 0 13 7 69 37 18 17 0 92 88 28 5 64 72 100 74 20 5 0 7 0 70 30 40 70 90 0 74 92 22 80 44 95 0 4 97 33 15 88 19 0 70 32 90 0 16 51 38 93 69 0 0 0 6 0 79 5 95 80 0 0 51 90 55 74 0 0 33 7 52 78 20 0 48 17 88 64 60 51 58 0 79 37 50 99 55 94 0 0 
85 70 86 45 58 93 96 97 26 55 0 0 83 21 38 0 8 41 25 0 30 20 0 65 77 82 0 94 6 84 59 53 14 55 68 27 20 67 18 18 5 3 97 0 0 0 0 85 0 83 3 0 66 91 81 70 95 52 0 29 0 30 0 28 48 36 81 0 13 12 38 49 40 0 0 83 7 0 68 48 0 3 44 56 37 92 90 13 57 85 84 0 7 56 78 6 46 9 97 93 25 59 64 70 94 60 0 79 24 0 43 23 0 42 0 11 30 98 0 81 
0 85 0 99 45 74 38 4 78 0 0 0 97 71 9 71 21 99 94 5 12 75 57 95 45 71 0 0 64 22 6 9 92 21 89 46 0 55 49 0 14 0 34 3 61 79 0 64 4 66 0 73 50 5 33 43 92 69 0 45 0 58 96 12 0 75 6 94 58 61 72 19 71 87 94 34 77 0 87 79 0 30 93 0 48 38 96 70 0 0 88 74 31 38 84 34 28 71 59 0 0 42 57 41 96 0 0 75 39 11 74 0 0 38 46 0 0 89 0 45 
17 67 75 0 48 97 89 6 9 0 83 97 0 94 21 29 10 42 0 0 16 0 74 53 43 0 15 82 0 88 69 9 0 14 36 37 22 20 25 87 21 70 0 60 31 68 0 38 91 0 83 0 39 0 44 0 35 56 0 0 24 90 48 32 94 0 54 1 61 52 0 0 61 59 68 39 0 0 6 88 0 0 38 79 81 39 0 66 80 34 28 7 1 42 55 5 98 23 71 87 0 81 0 0 75 89 70 3 42 88 25 0 0 35 0 32 77 72 11 0 
44 32 20 46 0 56 0 74 59 28 21 71 94 0 82 0 0 99 67 83 95 0 19 3 7 69 58 59 0 20 34 7 40 31 31 53 58 39 0 33 63 81 60 37 99 73 97 64 10 0 0 22 74 67 64 69 97 49 0 62 0 44 34 0 83 74 27 59 0 40 97 51 7 32 33 92 61 52 92 6 32 57 59 87 8 82 28 4 0 76 87 44 30 74 44 24 21 0 46 91 65 69 0 10 9 26 56 12 33 0 0 67 60 41 5 0 18 29 99 63 
61 88 0 0 0 33 22 31 30 0 38 9 21 82 0 0 0 0 85 50 0 86 38 21 68 0 76 50 94 51 64 93 8 27 84 24 0 6 66 0 2 0 88 44 43 72 0 42 37 84 31 42 0 32 45 0 94 85 61 65 67 37 77 12 1 0 0 58 60 0 68 0 23 77 0 61 17 0 0 94 10 0 51 21 51 23 94 0 79 46 0 0 41 5 1 58 2 26 8 80 9 25 26 47 32 41 68 6 66 0 53 15 75 37 35 1 0 12 35 64 
44 80 98 0 20 32 0 0 53 0 0 71 29 0 0 0 30 0 42 93 49 43 85 35 0 16 58 18 57 0 0 0 0 8 2 32 0 41 0 99 0 0 0 7 21 0 73 39 43 89 79 63 0 41 24 0 0 66 0 24 0 40 98 0 34 67 36 92 26 74 58 30 32 55 74 70 38 0 23 58 22 0 57 31 23 0 72 65 5 0 53 94 3 52 0 28 68 76 45 0 51 42 87 6 5 64 0 95 72 79 89 48 31 0 29 43 0 58 77 0 
0 0 9 44 64 55 13 85 0 0 8 21 10 0 0 30 0 89 84 85 33 0 69 18 0 16 16 94 60 12 35 0 0 52 76 0 81 56 0 79 35 0 31 61 0 0 6 100 0 38 8 76 0 23 0 65 0 0 51 17 86 67 94 77 0 0 69 0 22 48 63 57 0 41 25 32 27 7 79 0 79 91 57 10 28 29 49 46 0 92 27 15 0 0 10 56 36 0 14 65 31 72 0 69 0 80 57 72 62 65 18 0 40 0 3 61 86 75 78 20 
86 41 54 20 71 86 48 96 64 35 41 99 42 99 0 0 89 0 55 0 57 80 67 61 24 62 3 85 35 68 39 95 68 0 33 0 50 51 0 18 0 7 20 29 0 31 46 36 56 0 67 82 50 18 95 25 13 0 62 49 17 0 7 22 70 92 62 62 0 3 99 0 64 79 48 19 0 0 0 0 60 0 13 97 0 55 6 70 0 33 87 74 0 44 18 77 43 53 0 63 16 1 24 63 0 0 19 42 65 89 32 98 74 12 94 79 0 0 48 15 
49 0 0 46 33 49 87 22 56 47 25 94 0 67 85 42 84 55 0 54 0 0 0 72 0 8 24 14 66 47 74 79 70 93 98 0 73 100 43 99 60 70 0 0 39 92 43 69 56 55 40 71 9 35 29 93 6 14 37 0 36 5 60 90 68 0 28 11 85 0 73 61 48 79 54 0 9 71 0 70 5 5 33 32 79 74 32 17 0 52 21 8 73 34 93 0 42 93 94 52 0 0 81 44 18 24 0 24 51 0 0 77 0 12 2 54 37 0 57 28 
95 36 79 21 27 34 99 40 48 0 0 5 0 83 50 93 85 0 54 0 61 40 38 0 81 84 71 0 17 6 54 18 41 72 43 92 0 60 0 26 30 0 48 15 0 58 43 29 60 71 22 55 47 66 0 1 30 0 0 82 72 6 12 16 0 39 76 0 47 28 41 68 25 26 63 15 57 58 0 0 0 0 94 12 100 21 13 42 57 0 81 0 87 0 0 0 12 97 44 0 0 62 46 44 0 66 7 91 0 0 47 78 29 65 22 33 0 0 46 0 
65 57 77 29 0 74 45 53 0 0 30 12 16 95 0 49 33 57 0 61 0 42 4 0 91 98 8 59 49 60 37 89 0 61 10 28 0 75 87 76 20 83 21 0 0 66 0 0 98 0 57 35 81 68 39 0 83 88 42 87 0 35 73 0 54 8 87 96 0 43 0 83 56 61 65 57 0 34 95 85 82 86 0 14 75 86 65 23 89 70 96 0 76 4 96 27 0 16 96 90 28 67 0 88 21 10 0 25 48 30 32 46 36 98 85 41 0 12 0 68 
34 0 29 84 54 0 79 0 79 0 20 75 0 0 86 43 0 80 0 40 42 0 74 9 69 100 77 0 38 0 0 70 8 0 0 25 51 70 4 39 0 94 0 73 0 70 45 0 65 88 0 73 96 0 5 0 89 0 0 84 0 48 2 62 20 79 29 17 100 8 53 57 15 12 4 15 64 0 1 0 68 46 2 82 72 80 0 17 0 81 73 0 0 0 0 49 52 13 1 26 39 42 48 33 89 17 0 89 85 0 0 0 77 91 0 29 98 0 99 60 
10 41 0 59 100 89 84 76 62 88 0 57 74 19 38 85 69 67 0 38 4 74 0 0 4 19 26 61 99 46 34 0 5 83 47 75 88 71 74 91 4 61 37 36 4 8 38 18 32 0 5 0 0 96 90 0 29 15 10 66 0 0 0 0 70 30 84 56 23 0 3 36 7 29 5 98 0 80 79 53 70 2 0 60 0 91 67 20 79 61 0 0 0 79 98 76 76 16 10 7 5 54 0 93 82 0 91 54 44 3 38 45 40 80 75 0 90 17 68 30 
0 54 0 75 56 16 77 44 49 69 65 95 53 3 21 35 18 61 72 0 0 9 0 0 26 17 85 28 0 0 0 26 35 26 49 45 50 0 94 95 25 68 48 2 43 3 29 100 0 65 89 47 0 42 64 54 64 60 7 70 4 51 15 36 3 16 77 49 58 27 0 73 0 19 23 0 79 73 75 91 0 0 0 0 60 66 52 55 99 0 0 89 98 0 27 42 0 0 2 21 28 0 66 43 20 0 32 0 0 80 21 37 81 0 97 0 66 53 3 0 
20 62 0 49 49 68 99 0 35 0 77 45 43 7 68 0 0 24 0 81 91 69 4 26 0 32 21 51 0 0 33 10 0 68 83 56 55 33 29 30 0 2 31 74 29 86 98 76 0 0 75 0 44 72 27 0 75 15 23 17 67 0 41 75 6 45 83 69 38 97 53 94 16 0 0 14 18 54 88 0 0 79 52 47 67 70 0 0 63 80 2 0 0 87 0 77 0 45 11 0 28 22 34 78 66 0 83 0 0 17 96 46 19 0 0 66 66 72 0 89 
58 0 0 0 8 48 7 9 0 36 82 71 0 69 0 16 16 62 8 84 98 100 19 17 32 0 0 38 0 13 0 30 76 0 95 22 68 0 0 2 1 0 0 27 48 44 0 72 91 0 0 45 99 88 58 9 58 34 65 77 19 45 5 53 42 0 48 70 9 18 0 32 84 82 24 67 0 0 0 79 0 8 77 0 63 0 12 0 3 0 61 42 29 86 44 5 31 0 0 79 100 36 11 70 64 12 0 25 53 37 64 0 5 70 65 82 17 5 0 96 
40 55 3 0 0 21 69 38 95 10 0 0 15 58 76 58 16 3 24 71 8 77 26 85 21 0 0 94 31 0 81 0 44 71 44 79 0 51 85 83 17 17 43 49 13 93 56 94 14 1 84 87 81 42 0 62 44 30 0 56 78 14 16 84 0 7 0 1 31 65 67 49 0 0 61 79 26 20 30 0 99 90 66 51 0 67 0 13 51 0 16 49 40 2 67 41 62 0 40 79 0 0 0 0 71 0 100 0 0 57 90 79 9 0 0 42 43 17 56 73 
0 18 7 0 0 0 0 7 0 90 94 0 82 59 50 18 94 85 14 0 59 0 61 28 51 38 94 0 31 66 20 0 34 62 0 95 96 0 0 77 10 25 2 59 72 65 48 0 0 38 0 27 0 72 55 0 95 56 75 89 44 94 93 56 19 0 31 72 52 0 0 79 0 43 0 23 8 7 97 1 93 0 0 94 0 40 0 72 0 92 61 49 95 65 0 90 56 19 43 54 49 49 0 30 54 11 91 0 12 95 61 65 97 0 0 82 0 0 46 61 
58 83 68 2 87 46 72 0 0 0 6 64 0 0 94 57 60 35 66 17 49 38 99 0 0 0 31 31 0 18 64 27 62 26 0 0 62 0 0 69 5 29 0 34 39 0 0 45 51 19 31 0 0 97 73 0 26 3 22 0 26 48 100 9 35 42 0 26 42 72 0 75 5 57 69 92 0 0 76 39 21 3 45 56 62 96 0 0 30 88 87 37 37 78 25 51 13 74 1 0 55 11 14 30 0 0 15 1 23 66 0 89 18 41 48 70 97 8 47 76 
24 22 65 74 45 83 83 33 71 0 84 22 88 20 51 0 12 68 47 6 60 0 46 0 0 13 0 66 18 0 9 43 65 79 20 70 80 76 0 90 53 66 18 100 57 33 46 10 27 0 49 7 51 89 0 40 48 49 83 8 81 20 67 46 22 81 15 92 74 20 96 89 89 8 54 27 80 78 20 42 0 71 56 95 79 73 36 16 41 22 0 68 77 55 0 2 68 0 38 78 73 72 78 0 11 84 0 18 92 12 0 0 0 43 15 3 0 11 60 83 
82 14 26 54 57 59 20 31 38 0 59 6 69 34 64 0 35 39 74 54 37 0 34 0 33 0 81 20 64 9 0 10 0 44 0 52 59 93 0 0 100 44 0 17 22 37 97 10 27 3 17 46 34 84 71 55 78 77 93 56 28 38 21 27 53 0 39 7 55 59 0 90 0 48 70 47 0 59 15 68 0 74 87 16 77 69 2 33 81 0 0 42 0 35 21 45 32 55 97 81 20 26 55 0 0 37 60 52 0 0 45 34 0 89 0 83 100 73 0 0 
30 17 21 8 0 83 77 97 0 0 53 9 9 7 93 0 0 95 79 18 89 70 0 26 10 30 0 0 27 43 10 0 0 30 0 56 73 0 80 68 45 18 51 14 19 0 0 65 18 84 33 21 16 0 48 50 45 0 97 19 0 0 57 70 63 0 98 9 0 69 33 67 16 0 24 39 83 72 84 16 50 54 65 27 74 11 92 0 73 19 81 45 56 0 64 0 66 0 48 30 31 4 1 27 0 23 37 38 25 0 0 0 21 0 0 33 88 21 9 0 
6 69 92 11 0 37 54 99 0 13 14 92 0 40 8 0 0 68 70 41 0 8 5 35 0 76 44 34 62 65 0 0 0 66 22 0 0 46 54 69 0 9 77 0 0 0 42 62 0 16 41 16 45 48 18 21 89 31 25 23 43 92 70 68 0 0 0 54 92 0 0 25 72 36 41 0 0 22 21 95 16 94 73 96 0 85 89 29 93 0 39 0 0 40 82 96 1 80 38 27 10 7 23 0 60 91 0 0 16 46 90 0 40 14 50 79 68 64 23 13 
0 25 42 41 52 0 0 79 17 7 55 21 14 31 27 8 52 0 93 72 61 0 83 26 68 0 71 62 26 79 44 30 66 0 47 38 0 0 22 0 0 42 33 0 81 72 0 73 0 58 16 90 82 21 59 56 39 25 0 96 21 82 0 0 0 93 30 0 0 20 1 1 85 14 0 0 62 33 67 99 0 73 0 0 47 29 89 96 20 0 0 42 26 0 0 0 12 35 0 2 35 0 95 4 88 0 33 61 95 73 84 12 70 9 78 0 66 58 8 63 
0 0 26 0 64 47 41 86 3 69 68 89 36 31 84 2 76 33 98 43 10 0 47 49 83 95 44 0 0 20 0 0 22 47 0 44 0 73 0 66 0 61 89 0 23 0 0 0 50 52 82 51 22 0 33 94 17 62 20 45 47 55 0 46 0 35 0 52 78 0 23 78 59 26 0 91 66 72 21 70 0 0 64 0 3 0 75 60 59 41 34 39 0 99 0 88 50 90 75 0 13 77 0 62 22 32 52 95 48 2 63 0 45 58 58 19 42 0 98 68 
66 94 0 45 0 18 0 58 28 37 27 46 37 53 24 32 0 0 0 92 28 25 75 45 56 22 79 95 0 70 52 56 0 38 44 0 53 29 0 22 65 49 19 90 60 38 78 0 80 0 98 50 60 51 72 0 69 7 0 92 0 34 41 45 0 0 65 34 60 42 91 32 84 40 94 73 97 0 0 0 34 60 76 12 16 28 31 54 55 51 85 39 3 5 26 83 6 0 63 77 0 0 0 85 22 0 32 57 36 4 0 40 51 20 2 56 8 69 46 37 
41 0 31 8 81 48 0 44 33 18 20 0 22 58 0 0 81 50 73 0 0 51 88 50 55 68 0 96 62 80 59 73 0 0 0 53 0 62 4 59 70 0 58 0 0 97 0 25 0 40 80 67 10 97 55 32 0 42 49 0 19 42 97 5 0 83 94 36 64 79 4 3 20 40 96 55 45 83 80 45 0 54 26 58 26 19 37 0 60 66 95 0 94 0 72 19 79 71 57 65 60 0 91 82 46 4 7 82 15 0 71 36 51 89 13 23 20 95 77 7 
80 25 80 57 4 0 71 68 0 17 67 55 20 39 6 41 56 51 100 60 75 70 71 0 33 0 51 0 0 76 93 0 46 0 73 29 62 0 56 60 83 0 0 0 59 64 80 51 86 33 88 0 0 53 84 33 82 30 14 97 64 63 0 19 70 82 0 0 17 26 61 34 0 16 25 5 28 61 0 0 0 70 2 89 100 0 49 70 0 55 72 56 80 0 78 69 21 52 91 91 80 81 59 36 95 0 56 62 0 48 86 0 11 84 77 70 22 15 80 0 
45 63 0 23 47 98 7 0 54 0 18 49 25 0 66 0 0 0 43 0 87 4 74 94 29 0 85 0 0 0 0 80 54 22 0 0 4 56 0 0 0 2 70 23 5 25 17 0 2 44 0 92 90 45 53 36 99 0 70 70 78 75 39 7 85 8 0 78 100 0 46 27 45 0 30 41 0 62 82 0 0 98 32 40 12 7 46 65 0 38 0 31 0 96 45 0 27 58 0 17 0 4 52 3 0 50 14 0 0 85 72 72 30 83 0 0 75 10 53 91 
86 32 0 0 92 25 47 0 54 92 18 0 87 33 0 99 79 18 99 26 76 39 91 95 30 2 83 77 69 90 0 68 69 0 66 22 59 60 0 0 0 22 0 48 53 11 0 51 34 0 1 98 79 54 0 29 0 0 0 3 49 55 95 20 23 97 0 0 1 21 54 0 30 37 22 8 0 0 0 0 30 0 33 64 36 0 75 0 48 96 0 52 39 82 4 0 97 69 77 65 25 79 0 16 78 37 0 0 0 79 81 63 17 96 77 96 12 0 16 29 
0 90 78 28 54 0 0 0 24 88 5 14 21 63 2 0 35 0 60 30 20 0 4 25 0 1 17 10 5 53 100 45 0 0 0 65 70 83 0 0 0 2 5 0 64 81 6 32 17 81 53 4 96 66 80 58 61 78 46 0 48 0 59 44 31 39 23 35 22 0 97 15 45 37 0 56 84 67 68 86 82 16 42 0 100 64 73 24 0 0 70 93 35 0 19 75 63 15 97 0 17 72 55 63 57 85 0 3 9 90 43 0 19 0 0 99 77 3 59 69 
0 94 23 0 82 0 80 29 0 28 3 0 70 81 0 0 0 7 70 0 83 94 61 68 2 0 17 25 29 66 44 18 9 42 61 49 0 0 2 22 2 0 0 0 40 25 39 45 81 2 28 62 0 0 0 84 36 47 40 96 35 5 36 57 1 0 85 7 4 45 0 70 0 65 33 29 23 20 3 61 52 3 24 6 39 83 0 62 0 0 4 15 16 89 0 10 0 0 0 54 0 82 57 83 24 0 84 53 36 14 56 32 0 68 0 71 0 0 8 3 
88 96 93 87 0 48 29 14 52 5 97 34 0 60 88 0 31 20 0 48 21 0 37 48 31 0 43 2 0 18 0 51 77 33 89 19 58 0 70 0 5 0 0 78 0 82 100 53 0 0 83 13 49 6 0 0 60 51 55 6 89 85 73 90 61 75 97 0 0 81 52 32 50 0 79 98 55 35 43 76 46 100 44 54 81 87 80 38 5 68 0 89 1 0 2 42 44 78 0 0 87 95 24 0 89 0 77 6 57 89 76 87 28 6 30 57 44 0 0 0 
58 36 0 88 5 0 42 61 59 64 0 3 60 37 44 7 61 29 0 15 0 73 36 2 74 27 49 59 34 100 17 14 0 0 0 90 0 0 23 48 0 0 78 0 63 0 86 95 0 32 44 40 0 37 3 54 96 0 26 0 23 0 17 0 73 28 81 0 32 86 81 0 86 92 71 76 46 13 18 60 75 55 0 0 0 53 74 0 31 0 26 80 18 0 0 0 86 0 94 51 45 75 17 72 1 52 8 23 1 28 46 82 71 0 91 0 72 6 63 85 
0 55 55 64 34 8 0 0 46 72 0 61 31 99 43 21 0 0 39 0 0 0 4 43 29 48 13 72 39 57 22 19 0 81 23 60 0 59 5 53 64 40 0 63 0 4 37 46 16 31 100 35 23 27 74 61 25 20 93 0 50 93 96 83 1 69 14 0 69 94 52 52 26 66 99 82 16 67 0 39 84 72 34 7 57 86 0 34 84 49 95 0 4 72 62 9 97 43 93 11 72 8 49 14 34 0 94 17 0 52 96 17 62 50 0 0 94 2 16 0 
43 0 50 31 2 82 0 72 5 100 0 79 68 73 72 0 0 31 92 58 66 70 8 3 86 44 93 65 0 33 37 0 0 72 0 38 97 64 25 11 81 25 82 0 4 0 26 74 22 23 86 76 75 35 15 36 68 46 0 0 91 88 14 24 0 23 11 4 0 0 35 62 93 72 31 30 61 77 3 0 76 43 33 28 0 99 97 0 8 80 62 83 0 0 0 77 0 25 90 8 64 56 0 17 49 19 93 73 75 75 92 0 35 71 9 0 97 83 41 22 
39 53 0 43 6 88 30 43 93 74 0 0 0 97 0 73 6 46 43 43 0 45 38 29 98 0 56 48 0 46 97 0 42 0 0 78 0 80 17 0 6 39 100 86 37 26 0 0 70 64 0 99 0 34 97 24 61 49 0 0 35 0 0 97 77 29 29 76 5 13 52 66 0 55 71 0 14 14 83 0 65 77 89 83 94 86 0 77 0 15 37 31 19 53 32 91 67 49 62 33 77 0 32 78 79 52 92 0 0 20 89 42 18 74 31 69 86 98 0 94 
1 0 82 22 51 0 62 82 0 20 85 64 38 64 42 39 100 36 69 29 0 0 18 100 76 72 94 0 45 10 10 65 62 73 0 0 25 51 0 51 32 45 53 95 46 74 0 0 72 73 80 66 60 0 69 0 30 74 70 32 63 0 80 6 43 0 82 71 0 75 23 66 0 33 92 0 0 0 79 40 0 32 12 52 0 12 52 19 0 66 0 2 0 86 0 68 16 33 5 0 0 3 0 12 52 36 0 45 0 0 79 0 5 0 0 70 97 0 33 0 
25 66 72 40 0 0 78 0 34 5 0 4 91 10 37 43 0 56 56 60 98 65 32 0 0 91 14 0 51 27 27 18 0 0 50 80 0 86 2 34 17 81 0 0 16 22 70 72 0 12 0 90 47 28 14 20 18 49 7 20 41 89 20 45 81 0 100 0 28 57 29 0 51 0 0 81 14 0 11 95 97 0 0 49 48 65 46 81 15 81 75 75 0 20 65 83 72 56 86 0 0 91 0 45 85 40 32 48 0 37 82 73 59 0 72 49 22 0 58 6 
31 40 81 0 0 0 43 35 20 0 83 66 0 0 84 89 38 0 55 71 0 88 0 65 0 0 1 38 19 0 3 84 16 58 52 0 40 33 44 0 81 2 0 32 31 23 64 73 12 0 59 83 40 0 80 0 93 47 19 19 0 51 56 60 16 59 3 9 29 92 0 15 0 65 45 42 31 36 0 70 14 65 16 67 32 68 0 71 33 34 24 63 4 0 11 38 7 22 59 96 23 33 29 32 69 21 0 75 97 0 26 4 41 54 35 0 89 74 7 6 
79 14 0 8 90 52 0 63 89 7 3 0 83 0 31 79 8 67 40 22 57 0 5 89 75 0 84 0 31 49 17 33 41 16 82 98 80 88 0 1 53 28 83 44 100 86 0 80 0 59 0 39 78 0 83 45 13 0 15 86 3 30 97 0 49 31 71 0 0 9 53 0 80 0 48 0 31 94 63 99 11 21 0 0 82 74 56 37 85 8 69 90 72 14 45 93 15 0 45 49 15 21 16 0 0 49 6 0 31 1 44 0 78 0 0 33 0 84 0 66 
0 99 22 19 0 76 22 15 100 0 0 73 0 22 42 63 76 82 71 55 35 73 0 47 0 45 87 27 0 7 46 21 16 90 51 50 67 0 92 98 4 62 13 40 35 76 99 66 90 83 39 0 96 42 47 36 31 56 39 0 71 20 0 23 75 25 0 0 0 99 80 28 4 96 37 0 0 0 0 0 35 34 55 0 51 77 0 6 25 89 16 13 36 95 73 72 22 39 63 0 32 73 51 68 22 71 34 0 39 0 0 60 7 35 77 20 83 12 28 88 
71 24 0 22 100 57 75 21 0 70 66 50 39 74 0 0 0 50 9 47 81 96 0 0 44 99 81 0 0 51 34 16 45 82 22 60 10 0 90 79 96 0 49 0 23 75 0 60 47 40 78 96 0 0 82 24 29 77 6 94 0 30 13 6 27 1 81 0 0 4 27 84 13 0 76 45 5 14 7 82 94 14 14 89 29 40 42 0 9 59 50 97 0 37 32 74 0 0 83 85 27 65 15 36 32 57 6 67 45 54 60 67 1 91 25 71 44 0 0 25 
0 92 14 81 0 5 0 0 60 30 91 5 0 67 32 41 23 18 35 66 68 0 96 42 72 88 42 72 97 89 84 0 48 21 0 51 97 53 45 54 66 0 6 37 27 35 34 0 28 0 0 42 0 0 0 79 22 30 41 0 0 67 54 13 0 0 79 4 0 50 0 48 86 0 0 71 90 54 53 0 78 14 51 83 25 0 82 0 77 36 6 0 0 51 78 3 0 87 33 55 15 41 28 44 36 58 50 63 7 17 60 0 29 1 11 19 0 0 12 45 
88 0 84 69 47 35 72 0 27 40 81 33 44 64 45 24 0 95 29 0 39 5 90 64 27 58 0 55 73 0 71 48 18 59 33 72 55 84 53 0 80 0 0 3 74 15 97 69 14 80 83 47 82 0 0 100 4 85 0 57 71 41 43 40 19 74 99 88 73 39 19 70 63 0 0 16 0 0 66 85 97 68 0 48 58 48 0 51 12 25 29 82 77 81 87 15 0 0 0 61 13 9 0 73 50 74 86 0 27 0 0 47 76 0 74 65 0 14 35 0 
66 9 84 32 0 9 62 0 48 70 70 43 0 69 0 0 65 25 93 1 0 0 0 54 0 9 62 0 0 40 55 50 21 56 94 0 32 33 36 29 58 84 0 54 61 36 24 0 20 0 45 36 24 79 100 0 0 92 0 0 16 0 30 0 0 40 0 20 54 44 0 75 0 36 43 85 42 85 0 77 26 22 0 34 50 0 0 4 13 90 11 53 33 17 29 90 0 2 50 16 27 18 78 51 0 63 14 52 49 77 18 84 52 50 36 86 83 0 0 42 
33 0 14 77 0 0 76 45 78 90 95 92 35 97 94 0 0 13 6 30 83 89 29 64 75 58 44 95 26 48 78 45 89 39 17 69 0 82 99 0 61 36 60 96 25 68 61 30 18 93 13 31 29 22 4 0 0 77 32 0 59 3 0 23 38 95 18 64 0 60 21 1 22 52 44 33 18 89 61 89 0 2 24 52 4 93 74 16 76 84 74 12 81 47 0 4 38 49 0 0 0 45 1 96 0 81 45 92 29 47 74 14 55 65 83 0 0 26 96 46 
22 94 63 51 0 0 0 94 81 0 52 69 56 49 85 66 0 0 14 0 88 0 15 60 15 34 30 56 3 49 77 0 31 25 62 7 42 30 0 0 78 47 51 0 20 46 49 74 49 47 0 56 77 30 85 92 77 0 93 5 75 64 38 0 51 0 51 58 33 83 20 77 0 70 80 57 0 70 42 13 43 69 0 56 83 100 0 46 42 60 91 0 31 84 70 0 57 49 37 0 2 0 6 0 0 61 97 86 0 40 0 10 21 36 24 21 84 24 0 59 
13 22 0 91 17 88 46 81 12 74 0 0 0 0 61 0 51 62 37 0 42 0 10 7 23 65 0 75 22 83 93 97 25 0 20 0 49 14 70 0 46 40 55 26 93 0 0 70 7 19 15 39 6 41 0 0 32 93 0 50 3 40 63 0 48 2 30 41 28 52 0 1 0 33 24 93 0 0 55 0 41 0 82 5 19 12 47 60 45 90 51 64 41 100 48 0 0 0 19 28 0 0 0 86 0 97 52 7 87 27 100 64 61 83 52 42 66 6 45 87 
0 93 0 84 0 0 44 37 69 92 29 45 0 62 65 24 17 49 0 82 87 84 66 70 17 77 56 89 0 8 56 19 23 96 45 92 0 97 70 3 0 96 6 0 0 0 0 32 20 19 86 0 94 0 57 0 0 5 50 0 9 31 45 79 11 0 68 0 0 58 29 3 55 26 0 1 23 11 42 39 0 25 20 0 22 78 30 69 59 95 0 0 41 5 64 54 16 45 56 0 0 42 0 45 27 1 96 43 98 100 20 0 19 40 20 76 0 0 0 90 
32 81 100 0 51 0 59 11 53 22 0 0 24 0 67 0 86 17 36 72 0 0 0 4 67 19 78 44 26 81 28 0 43 21 47 0 19 64 78 49 48 35 89 23 50 91 35 63 41 0 3 71 0 0 71 16 59 75 3 9 0 26 37 85 26 73 66 20 0 33 91 33 19 26 0 54 80 0 27 62 18 18 81 0 72 99 34 68 24 0 33 25 0 54 94 43 0 42 35 28 21 0 19 43 59 72 0 49 54 58 57 22 70 58 46 40 0 0 6 0 
99 93 23 0 52 99 0 48 44 80 30 58 90 44 37 40 67 0 5 6 35 48 0 51 0 45 14 94 48 20 38 0 92 82 55 34 42 63 75 55 0 5 85 0 93 88 0 0 89 51 30 20 30 67 41 0 3 64 40 31 26 0 33 45 62 84 0 35 58 0 19 93 83 0 16 39 47 43 0 7 18 61 42 36 0 70 40 34 77 92 30 0 0 91 31 64 51 11 49 8 36 83 6 43 0 31 11 68 91 76 93 57 41 53 73 0 1 0 75 47 
43 98 59 3 47 90 2 0 60 44 0 96 48 34 77 98 94 7 60 12 73 2 0 15 41 5 16 93 100 67 21 57 70 0 0 41 97 0 39 95 59 36 73 17 96 14 0 80 20 56 97 0 13 54 43 30 0 38 63 45 37 33 0 0 65 12 53 91 73 55 1 3 58 0 77 52 57 15 0 31 91 68 74 24 3 95 85 5 8 0 60 79 1 0 24 76 27 43 0 0 27 47 64 96 94 1 0 69 12 75 0 36 93 0 8 48 21 69 90 26 
58 96 82 82 27 21 91 34 0 95 28 12 32 0 12 0 77 22 90 16 0 62 0 36 75 53 84 56 9 46 27 70 68 0 46 45 5 19 7 20 44 57 90 0 83 24 97 6 45 60 0 23 6 13 40 0 23 0 0 79 85 45 0 0 72 44 83 17 25 5 0 0 0 25 44 89 0 95 18 80 94 68 16 68 30 0 0 7 27 20 42 0 48 94 10 29 12 81 87 71 36 99 88 41 85 7 0 34 94 19 0 16 0 0 72 79 79 29 14 0 
0 9 19 0 0 74 76 13 0 0 48 0 94 83 1 34 0 70 68 0 54 20 70 3 6 42 0 19 35 22 53 63 0 0 0 0 0 70 85 23 31 1 61 73 1 0 77 43 81 16 49 75 27 0 19 0 38 51 48 11 26 62 65 72 0 57 11 63 14 0 80 74 0 98 51 45 0 0 95 70 0 16 100 0 0 60 64 73 57 21 9 58 73 91 65 0 0 0 53 31 13 1 0 59 88 0 98 18 73 0 46 83 69 0 21 81 67 35 15 50 
72 54 5 62 0 85 97 23 88 4 36 75 0 74 0 67 0 92 0 39 8 79 30 16 45 0 7 0 42 81 0 0 0 93 35 0 83 82 8 97 39 0 75 28 69 23 29 0 0 59 31 25 1 0 74 40 95 0 2 0 73 84 12 44 57 0 14 95 78 13 56 0 0 61 72 81 8 84 0 51 79 33 0 50 0 19 85 86 0 34 27 0 16 61 99 29 0 0 45 97 57 41 36 23 24 0 67 87 45 100 35 26 80 63 45 63 45 21 61 73 
85 83 47 91 97 29 33 85 73 97 81 6 54 27 0 36 69 62 28 76 87 29 84 77 83 48 0 31 0 15 39 98 0 30 0 65 94 0 0 0 23 85 97 81 14 11 29 82 100 3 71 0 81 79 99 0 18 51 30 68 66 0 53 83 11 14 0 8 26 88 61 38 81 0 0 81 95 10 0 8 56 10 18 65 72 36 26 0 1 40 9 10 66 2 95 11 0 3 0 82 75 29 0 26 52 21 83 37 0 6 63 56 47 42 23 56 14 89 0 0 
59 33 32 0 48 20 77 38 50 33 0 94 1 59 58 92 0 62 11 0 96 17 56 49 69 70 1 72 26 92 7 9 54 0 52 34 36 0 78 0 35 7 0 0 0 4 76 71 0 9 0 0 0 4 88 20 64 58 41 0 20 35 91 17 63 95 8 0 0 0 0 37 44 0 0 0 51 38 70 19 45 83 0 0 51 66 0 0 4 36 37 15 32 69 0 48 68 41 27 70 96 91 100 0 71 10 0 91 5 17 47 0 90 100 14 47 79 50 73 0 
4 77 31 47 72 46 41 35 10 15 13 58 61 0 60 26 22 0 85 47 0 100 23 58 38 9 31 52 42 74 55 0 92 0 78 60 64 17 100 1 22 4 0 32 69 0 5 0 28 29 0 0 0 0 73 54 0 33 28 0 0 58 73 25 14 78 26 0 0 62 34 0 84 93 49 68 9 0 0 84 17 14 5 84 68 26 0 21 0 61 88 95 0 7 13 28 0 62 84 72 62 84 0 30 4 15 0 91 33 33 12 32 48 57 0 55 0 0 2 67 
80 79 27 49 11 95 0 79 36 88 12 61 52 40 0 74 48 3 0 28 43 8 0 27 97 18 65 0 72 20 59 69 0 20 0 42 79 26 0 21 0 45 81 86 94 0 13 75 57 92 9 99 4 50 39 44 60 83 52 58 33 0 55 5 0 13 88 0 62 0 21 81 55 0 75 87 81 60 0 29 81 57 54 46 56 56 60 52 78 0 10 85 77 45 98 87 61 68 42 86 29 17 96 0 16 14 77 87 25 80 66 25 42 0 0 12 0 0 93 36 
13 0 0 0 97 20 60 0 91 19 38 72 0 97 68 58 63 99 73 41 0 53 3 0 53 0 67 0 0 96 0 33 0 1 23 91 4 61 46 54 97 0 52 81 52 35 52 23 29 0 53 80 27 0 19 0 21 20 0 29 91 19 1 0 80 56 61 0 34 21 0 0 74 34 66 4 21 31 60 24 34 44 58 46 0 11 38 90 0 0 0 51 64 68 0 67 92 13 60 95 0 55 0 47 76 33 13 23 87 90 0 0 33 63 8 0 20 0 46 67 
0 25 46 0 51 50 0 16 19 0 49 19 0 51 0 30 57 0 61 68 83 57 36 73 94 32 49 79 75 89 90 67 25 1 78 32 3 34 27 0 15 70 32 0 52 62 66 66 0 15 0 28 84 48 70 75 1 77 1 3 33 93 3 0 74 0 38 37 0 81 0 0 83 0 93 94 27 4 25 0 3 61 0 0 42 90 68 11 0 1 33 26 49 22 68 0 0 8 19 40 0 70 99 0 55 67 62 12 0 64 0 0 59 58 93 11 0 42 84 8 
68 0 0 1 30 0 97 59 75 70 40 71 61 7 23 32 0 64 48 25 56 15 7 0 16 84 0 0 5 89 0 16 72 85 59 84 20 0 45 30 45 0 50 86 26 93 0 0 51 0 80 4 13 86 63 0 22 0 0 55 19 83 58 0 0 0 81 44 84 55 74 83 0 0 55 0 72 20 0 0 42 0 89 11 0 80 46 74 0 0 36 22 89 47 2 59 95 0 0 72 78 0 10 0 18 31 96 0 0 60 30 0 44 95 42 89 34 6 0 88 
12 0 2 93 28 97 26 82 0 32 0 87 59 32 77 55 41 79 79 26 61 12 29 19 0 82 0 43 57 8 48 0 36 14 26 40 40 16 0 37 37 65 0 92 66 72 55 33 0 65 0 96 0 0 0 36 52 70 33 26 26 0 0 25 98 61 0 0 93 0 34 0 0 0 0 76 13 0 42 0 46 60 33 59 29 29 88 71 70 25 0 22 57 51 0 4 15 25 0 18 0 13 0 0 61 0 1 0 54 97 65 17 33 77 95 0 86 64 25 0 
45 0 0 38 0 9 90 37 72 90 0 94 68 33 0 74 25 48 54 63 65 4 5 23 0 24 61 0 69 54 70 24 41 0 0 94 96 25 30 22 0 33 79 71 99 31 71 92 0 45 48 37 76 0 0 43 44 80 24 0 0 16 77 44 51 72 0 0 49 75 66 93 55 0 0 70 0 22 81 47 100 0 24 0 99 25 14 27 78 0 79 50 0 87 35 96 0 0 0 75 0 0 82 84 29 11 0 44 0 33 0 47 62 0 0 53 13 7 61 0 
85 82 0 51 0 46 14 91 71 0 83 34 39 92 61 70 32 19 0 15 57 15 98 0 14 67 79 23 92 27 47 39 0 0 91 73 55 5 41 8 56 29 98 76 82 30 0 0 81 42 0 0 45 71 16 85 33 57 93 1 54 39 52 89 45 81 81 0 68 87 4 94 0 76 70 0 75 31 4 57 43 20 0 0 10 9 51 40 0 13 10 50 36 5 0 24 0 18 64 62 38 15 0 15 0 0 26 99 18 82 66 43 0 4 36 55 64 0 63 54 
84 40 89 0 19 67 100 49 92 16 7 77 0 61 17 38 27 0 9 57 0 64 0 79 18 0 26 8 0 80 0 83 0 62 66 97 45 28 0 0 84 23 55 46 16 61 14 0 14 31 31 0 5 90 0 42 18 0 0 23 80 47 57 0 0 8 95 51 9 81 21 27 72 13 0 75 0 74 96 55 0 36 58 23 15 0 67 0 0 0 58 0 99 56 76 76 1 69 46 0 0 33 13 79 23 23 27 60 52 26 0 52 25 38 89 0 15 18 23 23 
68 12 0 69 48 43 19 34 24 51 0 0 0 52 0 0 7 0 71 58 34 0 80 73 54 0 20 7 0 78 59 72 22 33 72 0 83 61 62 0 67 20 35 13 67 77 14 0 0 36 94 0 14 54 0 85 89 70 0 11 0 43 15 95 0 84 10 38 0 60 31 4 20 0 22 31 74 0 55 3 0 3 15 75 94 32 0 85 81 100 0 50 21 84 0 0 33 0 19 86 46 89 54 43 0 89 0 67 0 8 78 0 25 0 76 88 1 0 0 77 
84 51 0 0 66 0 83 78 42 38 68 87 6 92 0 23 79 0 0 0 95 1 79 75 88 0 30 97 76 20 15 84 21 67 21 0 80 0 82 0 68 3 43 18 0 3 83 79 11 0 63 0 7 53 66 0 61 42 55 42 27 0 0 18 95 0 0 70 0 0 60 25 0 42 81 4 96 55 0 49 89 87 89 74 47 26 0 25 73 40 0 69 75 81 41 74 24 0 81 35 95 96 19 17 69 78 23 17 0 25 22 77 0 4 18 80 58 0 3 82 
0 0 82 84 9 1 1 75 47 93 48 79 88 6 94 58 0 0 70 0 85 0 53 91 0 79 0 1 39 42 68 16 95 99 70 0 45 0 0 0 86 61 76 60 39 0 0 40 95 70 99 0 82 0 85 77 89 13 0 39 62 7 31 80 70 51 8 19 84 29 24 0 0 0 47 57 55 3 49 0 19 68 43 63 63 0 100 70 0 33 39 66 4 18 0 41 78 23 92 87 83 0 23 69 57 26 31 43 91 40 63 91 82 6 15 97 45 67 67 0 
100 68 64 0 24 75 0 80 93 69 0 0 0 32 10 22 79 60 5 0 82 68 70 0 0 0 99 93 21 0 0 50 16 0 0 34 0 0 0 30 82 52 46 75 84 76 65 0 97 14 11 35 94 78 97 26 0 43 41 0 18 18 91 94 0 79 56 45 17 81 34 3 42 46 100 43 0 0 89 19 0 61 75 17 72 60 95 96 2 38 42 30 47 27 46 29 48 53 45 77 39 49 93 39 0 92 19 0 50 18 38 0 28 20 24 41 24 56 58 0 
15 37 0 21 42 6 55 85 37 0 3 30 0 57 0 0 91 0 5 0 86 46 2 0 79 8 90 0 3 71 74 54 94 73 0 60 54 70 98 0 16 3 100 55 72 43 77 32 0 65 21 34 14 14 68 22 2 69 0 25 18 61 68 68 16 33 10 83 14 57 44 61 0 60 0 20 36 3 87 68 61 0 84 48 77 99 5 46 64 11 12 99 0 42 57 37 60 0 42 34 60 0 81 0 85 74 0 7 87 0 0 44 43 99 0 14 0 98 40 5 
46 0 0 0 20 0 0 94 73 0 44 93 38 59 51 57 57 13 33 94 0 2 0 0 52 77 66 0 45 56 87 65 73 0 64 76 26 2 32 33 42 24 44 0 34 33 89 12 0 16 0 55 14 51 0 0 24 0 82 20 81 42 74 16 100 0 18 0 5 54 58 0 89 33 24 0 58 15 89 43 75 84 0 19 33 0 52 58 0 0 79 69 90 49 72 31 89 0 5 0 69 82 0 28 0 0 98 81 47 11 32 92 42 58 0 44 0 76 100 0 
93 74 80 25 8 54 21 70 18 0 56 0 79 87 21 31 10 97 32 12 14 82 60 0 47 0 51 94 56 95 16 27 96 0 0 12 58 89 40 64 0 6 54 0 7 28 83 52 49 67 0 0 89 83 48 34 52 56 5 0 0 36 24 68 0 50 65 0 84 46 46 0 11 59 0 0 23 75 74 63 17 48 19 0 86 0 14 0 92 0 29 52 78 8 10 13 0 0 5 55 0 0 97 93 70 5 71 98 13 68 85 91 99 26 83 67 0 0 33 45 
75 80 0 0 71 88 0 1 76 6 37 48 81 8 51 23 28 0 79 100 75 72 0 60 67 63 0 0 62 79 77 74 0 47 3 16 26 100 12 36 100 39 81 0 57 0 94 0 48 32 82 51 29 25 58 50 4 83 19 22 72 0 3 30 0 0 72 51 68 56 0 42 0 29 99 10 15 94 47 63 72 77 33 86 0 0 67 69 44 22 0 40 0 0 79 61 0 57 67 0 0 71 1 59 0 0 11 18 88 0 0 6 81 16 36 0 21 93 100 79 
78 86 65 0 9 100 0 0 52 0 92 38 39 82 23 0 29 55 74 21 86 80 91 66 70 0 67 40 96 73 69 11 85 29 0 28 19 0 7 0 64 83 87 53 86 99 86 12 65 68 74 77 40 0 48 0 93 100 12 78 99 70 95 0 60 19 36 66 26 56 11 90 80 29 25 9 0 32 26 0 60 99 0 0 0 0 28 60 77 26 47 80 42 83 60 8 36 2 92 45 15 8 73 84 56 68 21 94 45 0 10 52 92 0 71 0 69 57 11 45 
0 0 59 64 69 18 46 31 57 79 90 96 0 28 94 72 49 6 32 13 65 0 67 52 0 12 0 0 0 36 2 92 89 89 75 31 37 49 46 75 73 0 80 74 0 97 0 52 46 0 56 0 42 82 0 0 74 0 47 30 34 40 85 0 64 85 26 0 0 60 38 68 46 88 14 51 67 0 0 100 95 5 52 14 67 28 0 32 74 88 0 34 29 82 52 58 28 0 18 0 13 76 90 0 97 65 1 0 19 55 73 1 25 74 42 0 1 82 2 22 
63 5 30 57 0 20 0 60 51 5 13 70 66 4 0 65 46 70 17 42 23 17 20 55 0 0 13 72 0 16 33 0 29 96 60 54 0 70 65 0 24 62 38 0 34 0 77 19 81 71 37 6 0 0 51 4 16 46 60 69 68 34 5 7 73 86 0 0 21 52 90 11 74 71 27 40 0 85 25 70 96 46 58 0 69 60 32 0 6 20 66 87 27 49 0 85 0 0 39 63 74 0 0 11 60 76 47 69 20 43 35 29 36 0 80 0 49 55 89 68 
49 96 0 34 15 83 96 88 0 95 57 0 80 0 79 5 0 0 0 57 89 0 79 99 63 3 51 0 30 41 81 73 93 20 59 55 60 0 0 48 0 0 5 31 84 8 0 0 15 33 85 25 9 77 12 13 76 42 45 59 24 77 8 27 57 0 1 4 0 78 0 0 0 70 78 0 0 81 73 0 2 64 0 92 44 77 74 6 0 0 100 39 0 81 0 66 11 0 44 39 0 95 47 73 6 96 98 62 18 17 72 35 1 72 42 0 57 64 0 66 
27 37 6 2 65 44 15 70 65 80 85 0 34 76 46 0 92 33 52 0 70 81 61 0 80 0 0 92 88 22 0 19 0 0 41 51 66 55 38 96 0 0 68 0 49 80 15 66 81 34 8 89 59 36 25 90 84 60 90 95 0 92 0 20 21 34 40 36 61 0 0 1 0 25 0 13 0 100 40 33 38 11 0 0 22 26 88 20 0 0 0 31 2 61 72 2 0 83 82 79 0 61 25 74 23 55 93 93 82 55 67 45 0 16 43 16 85 10 0 66 
0 0 13 0 17 32 4 77 0 0 84 88 28 87 0 53 27 87 21 81 96 73 0 0 2 61 16 61 87 0 0 81 39 0 34 85 95 72 0 0 70 4 0 26 95 62 37 0 75 24 69 16 50 6 29 11 74 91 51 0 33 30 60 42 9 27 9 37 88 10 0 33 36 0 79 10 58 0 0 39 42 12 79 29 0 47 0 66 100 0 0 0 43 68 81 33 81 85 0 91 46 0 94 33 4 79 0 79 0 0 27 0 13 47 0 28 100 20 0 7 
65 71 52 77 27 41 0 40 5 0 0 74 7 44 0 94 15 74 8 0 0 0 0 89 0 42 49 49 37 68 42 45 0 42 39 39 0 56 31 52 93 15 89 80 0 83 31 2 75 63 90 13 97 0 82 53 12 0 64 0 25 0 79 0 58 0 10 15 95 85 51 26 22 22 50 50 0 50 69 66 30 99 69 52 40 80 34 87 39 31 0 0 0 77 55 0 8 62 59 20 0 69 58 0 20 0 68 92 21 0 25 37 8 81 90 34 0 20 0 7 
40 83 41 82 17 67 25 82 23 51 7 31 1 30 41 3 0 0 73 87 76 0 0 98 0 29 40 95 37 77 0 56 0 26 0 3 94 80 0 39 35 16 1 18 4 0 19 0 0 4 72 36 0 0 77 33 81 31 41 41 0 0 1 48 73 16 66 32 0 77 64 49 89 57 0 36 99 21 75 4 47 0 90 78 0 42 29 27 0 2 43 0 0 96 0 0 18 45 0 87 0 39 0 83 86 11 67 0 23 0 23 98 76 83 29 0 96 52 96 65 
0 0 2 0 0 6 43 53 0 90 56 38 42 74 5 52 0 44 34 0 4 0 79 0 87 86 2 65 78 55 35 0 40 0 99 5 0 0 96 82 0 89 0 0 72 0 53 86 20 0 14 95 37 51 81 17 47 84 100 5 54 91 0 94 91 61 2 69 7 45 68 22 47 51 87 5 56 84 81 18 27 42 49 8 0 83 82 49 81 61 68 77 96 0 73 1 0 67 7 31 45 0 0 100 0 46 26 24 4 0 0 4 54 19 65 71 18 94 9 78 
0 35 35 80 47 0 39 30 76 55 78 84 55 44 1 0 10 18 93 0 96 0 98 27 0 44 67 0 25 0 21 64 82 0 0 26 72 78 45 4 19 0 2 0 62 0 32 0 65 11 45 73 32 78 87 29 0 70 48 64 94 31 24 10 65 99 95 0 13 98 0 68 2 0 35 0 76 0 41 0 46 57 72 10 79 60 52 0 0 72 81 55 0 73 0 4 4 47 21 0 0 0 0 0 21 43 37 44 0 0 0 0 60 32 32 0 26 25 68 59 
0 62 45 0 12 91 57 0 0 74 6 34 5 24 58 28 56 77 0 0 27 49 76 42 77 5 41 90 51 2 45 0 96 0 88 83 19 69 0 0 75 10 42 0 9 77 91 68 83 38 93 72 74 3 15 90 4 0 0 54 43 64 76 29 0 29 11 48 28 87 67 0 59 4 96 24 76 0 74 41 29 37 31 13 61 8 58 85 66 2 33 0 0 1 4 0 19 67 82 0 92 94 47 12 71 92 0 4 100 43 0 0 0 11 60 0 12 69 25 94 
0 57 10 10 1 80 38 96 44 0 46 28 98 21 2 68 36 43 42 12 0 52 76 0 0 31 62 56 13 68 32 66 1 12 50 6 79 21 27 97 63 0 44 86 97 0 67 16 72 7 15 22 0 0 0 0 38 57 0 16 0 51 27 12 0 0 0 68 0 61 92 0 95 15 0 0 1 33 24 78 48 60 89 0 0 36 28 0 11 0 81 8 18 0 4 19 0 34 47 0 94 0 78 0 78 0 90 42 64 77 82 0 85 0 55 0 0 0 100 83 
67 0 0 53 34 14 47 0 90 0 9 71 23 0 26 76 0 53 93 97 16 13 16 0 45 0 0 19 74 0 55 0 80 35 90 0 71 52 58 69 15 0 78 0 43 25 49 33 56 22 0 39 0 87 0 2 49 49 0 45 42 11 43 81 0 0 3 41 62 68 13 8 0 25 0 18 69 0 0 23 53 0 0 0 57 2 0 0 0 83 85 62 45 67 47 67 34 0 68 3 57 0 71 0 69 32 10 0 0 37 0 60 51 29 17 0 33 0 50 74 
58 39 11 0 18 8 0 34 0 33 97 59 71 46 8 45 14 0 94 44 96 1 10 2 11 0 40 43 1 38 97 48 38 0 75 63 57 91 0 77 97 0 0 94 93 90 62 5 86 59 45 63 83 33 0 50 0 37 19 56 35 49 0 87 53 45 0 27 84 42 60 19 0 0 0 64 46 19 81 92 45 42 5 5 67 92 18 39 44 82 0 59 0 7 21 82 47 68 0 34 69 45 38 98 37 90 38 35 0 52 0 19 66 96 51 54 15 64 0 62 
9 0 75 10 32 100 75 0 40 7 93 0 87 91 80 0 65 63 52 0 90 26 7 21 0 79 79 54 0 78 81 30 27 2 0 77 65 91 17 65 0 54 0 51 11 8 33 0 0 96 49 0 85 55 61 16 0 0 28 0 28 8 0 71 31 97 82 70 72 86 95 40 72 18 75 62 0 86 35 87 77 34 0 55 0 45 0 63 39 79 91 20 87 31 0 0 0 3 34 0 4 53 50 30 12 74 6 17 0 58 0 0 0 46 9 66 0 18 82 71 
51 0 0 7 54 58 28 4 30 52 25 0 0 65 9 51 31 16 0 0 28 39 5 28 28 100 0 49 55 73 20 31 10 35 13 0 60 80 0 25 17 0 87 45 72 64 77 0 0 23 15 32 27 15 13 27 0 2 0 0 21 36 27 36 13 57 75 96 62 29 0 0 78 0 0 38 0 46 95 83 39 60 69 0 0 15 13 74 0 0 46 0 0 45 0 92 94 57 69 4 0 98 20 47 0 74 69 85 100 10 0 5 84 85 63 55 0 0 0 49 
79 25 78 79 81 90 73 0 64 78 59 42 81 69 25 42 72 1 0 62 67 42 54 0 22 36 0 49 11 72 26 4 7 0 77 0 0 81 4 79 72 82 95 75 8 56 0 3 91 33 21 73 65 41 9 18 45 0 0 42 0 83 47 99 1 41 29 91 84 17 55 70 0 13 0 15 33 89 96 0 49 0 82 0 71 8 76 0 95 61 0 69 39 0 0 94 0 0 45 53 98 0 93 56 64 52 91 24 0 0 80 46 0 3 23 0 52 0 79 0 
25 22 27 74 86 0 28 18 51 20 64 57 0 0 26 87 0 24 81 46 0 48 0 66 34 11 0 0 14 78 55 1 23 95 0 0 91 59 52 0 55 57 24 17 49 0 32 0 0 29 16 51 15 28 0 78 1 6 0 0 19 6 64 88 0 36 0 100 0 96 0 99 10 0 82 0 13 54 19 23 93 81 0 97 1 73 90 0 47 25 94 58 0 0 0 47 78 71 38 50 20 93 0 6 45 0 97 0 49 15 35 18 45 0 0 71 13 17 41 6 
57 0 17 0 41 79 2 35 57 0 70 41 0 10 47 6 69 63 44 44 88 33 93 43 78 70 0 30 30 0 0 27 0 4 62 85 82 36 3 16 63 83 0 72 14 17 78 12 45 32 0 68 36 44 73 51 96 0 86 45 43 43 96 41 59 23 26 0 30 0 47 0 0 0 84 15 79 43 17 69 39 0 28 93 59 84 0 11 73 74 33 0 83 100 0 12 0 0 98 30 47 56 6 0 86 76 18 34 31 57 82 73 0 0 64 96 0 59 73 50 
25 0 66 88 6 38 32 11 14 48 94 96 75 9 32 5 0 0 18 0 21 89 82 20 66 64 71 54 0 11 0 0 60 88 22 22 46 95 0 78 57 24 89 1 34 49 79 52 85 69 0 22 32 36 50 0 0 0 0 27 59 0 94 85 88 24 52 71 4 16 76 55 18 61 29 0 23 0 69 57 0 85 0 70 0 56 97 60 6 23 4 20 86 0 21 71 78 69 37 12 0 64 45 86 0 21 0 92 20 84 60 2 93 0 14 12 44 0 69 0 
0 0 0 11 87 0 71 58 33 17 60 0 89 26 41 64 80 0 24 66 10 17 0 0 0 12 0 11 0 84 37 23 91 0 32 0 4 0 50 37 85 0 0 52 0 19 52 36 40 21 49 71 57 58 74 63 81 61 97 1 72 31 1 7 0 0 21 10 15 14 33 67 31 0 11 0 23 89 78 26 92 74 0 5 0 68 65 76 96 55 79 0 11 46 43 92 0 32 90 74 74 52 0 76 21 0 51 26 0 0 34 19 52 26 0 0 0 0 36 0 
89 0 100 84 16 85 3 65 21 88 0 0 70 56 68 0 57 19 0 7 0 0 91 32 83 0 100 91 15 0 60 37 0 33 52 32 7 56 14 0 0 84 77 8 94 93 92 0 32 0 6 34 6 50 86 14 45 97 52 96 0 11 0 0 98 67 83 0 0 77 13 62 96 1 0 26 27 0 23 31 19 0 98 71 11 21 1 47 98 93 0 68 67 26 37 0 90 10 38 6 69 91 97 18 0 51 0 0 1 55 0 0 8 50 96 0 42 0 95 11 
93 4 82 81 0 100 88 29 64 64 79 75 3 12 6 95 72 42 24 91 25 89 54 0 0 25 0 0 1 18 52 38 0 61 95 57 82 62 0 0 3 53 6 23 17 73 0 45 48 75 0 0 67 63 0 52 92 86 7 43 49 68 69 34 18 87 37 91 91 87 23 12 0 0 44 99 60 67 17 43 0 7 81 98 18 94 0 69 62 93 79 92 0 24 44 4 42 0 35 17 85 24 0 34 92 26 0 0 0 15 23 19 88 33 73 0 33 26 63 88 
33 0 36 47 44 4 51 0 5 60 24 39 42 33 66 72 62 65 51 0 48 85 44 0 0 53 0 12 23 92 0 25 16 95 48 36 15 0 0 0 9 36 57 1 0 75 0 0 0 97 31 39 45 7 27 49 29 0 87 98 54 91 12 94 73 45 0 5 33 25 87 0 0 54 0 18 52 0 0 91 50 87 47 13 88 45 19 20 18 82 0 21 23 4 0 100 64 0 0 0 100 0 49 31 20 0 1 0 0 0 97 99 21 59 0 63 78 0 0 76 
29 22 84 46 0 14 11 69 89 51 0 11 88 0 0 79 65 89 0 0 30 0 3 80 17 37 57 95 66 12 0 0 46 73 2 4 0 48 85 79 90 14 89 28 52 75 20 0 37 0 1 0 54 17 0 77 47 40 27 100 58 76 75 19 0 100 6 17 33 80 90 64 60 97 33 82 26 8 25 40 18 0 11 68 0 0 55 43 17 55 0 0 0 0 0 43 77 37 52 58 10 0 15 57 84 0 55 15 0 0 0 57 1 19 0 82 65 80 0 34 
7 86 47 80 60 33 38 0 63 58 43 74 25 0 53 89 18 32 0 47 32 0 38 21 96 64 90 61 0 0 45 0 90 84 63 0 71 86 72 81 43 56 76 46 96 92 89 79 82 26 44 0 60 60 0 18 74 0 100 20 57 93 0 0 46 35 63 47 12 66 0 0 30 65 0 66 0 78 22 63 38 0 32 85 0 10 73 35 72 67 27 25 23 0 0 0 82 0 0 0 0 80 35 82 60 34 0 23 97 0 0 18 0 59 80 0 0 39 42 82 
23 26 0 21 62 0 59 73 0 0 23 0 0 67 15 48 0 98 77 78 46 0 45 37 46 0 79 65 89 0 34 0 0 12 0 40 36 0 72 63 0 32 87 82 17 0 42 0 73 4 0 60 67 0 47 84 14 10 64 0 22 57 36 16 83 26 56 0 32 25 0 0 0 17 47 43 52 0 77 91 0 44 92 91 6 52 1 29 35 45 0 37 98 4 0 0 0 60 19 0 5 46 18 73 2 19 0 19 99 57 18 0 61 71 0 63 65 67 68 64 
34 0 75 11 43 80 17 63 40 79 0 0 0 60 75 31 40 74 0 29 36 77 40 81 19 5 9 97 18 0 0 21 40 70 45 51 51 11 30 17 19 0 28 71 62 35 18 5 59 41 78 7 1 29 76 52 55 21 61 19 70 41 93 0 69 80 47 90 48 42 33 59 44 33 62 0 25 25 0 82 28 43 42 99 81 92 25 36 1 0 13 8 76 54 60 0 85 51 66 0 84 0 45 0 93 52 8 88 21 1 0 61 0 41 72 13 0 0 19 0 
82 17 41 93 73 72 19 9 52 37 42 38 35 41 37 0 0 12 12 65 98 91 80 0 0 70 0 0 41 43 89 0 14 9 58 20 89 84 83 96 0 68 6 0 50 71 74 0 0 54 0 35 91 1 0 50 65 36 83 40 58 53 0 0 0 63 42 100 57 0 63 58 95 77 0 4 38 0 4 6 20 99 58 26 16 0 74 0 72 16 47 81 83 19 32 11 0 29 96 46 85 3 0 0 0 26 50 33 59 19 59 71 41 0 26 60 97 39 25 33 
79 23 0 64 56 12 76 0 6 50 0 46 0 5 35 29 3 94 2 22 85 0 75 97 0 65 0 0 48 15 0 0 50 78 58 2 13 77 0 77 0 0 30 91 0 9 31 0 72 35 0 77 25 11 74 36 83 24 52 20 46 73 8 72 21 45 23 14 0 0 8 93 42 95 0 36 89 76 18 15 24 0 0 83 36 71 42 80 42 43 0 90 29 65 32 60 55 17 51 9 63 23 0 64 14 0 96 73 0 0 80 0 72 26 0 0 98 69 0 34 
37 39 0 32 42 44 51 12 87 99 11 0 32 0 1 43 61 79 54 33 41 29 0 0 66 82 42 82 70 3 83 33 79 0 19 56 23 70 0 96 99 71 57 0 0 0 69 70 49 0 33 20 71 19 65 86 0 21 42 76 40 0 48 79 81 63 56 47 55 12 0 11 89 0 53 55 0 88 80 97 41 14 44 67 0 0 0 0 0 16 28 34 0 71 0 0 0 0 54 66 55 0 71 96 12 0 0 0 63 82 0 63 13 60 0 0 27 36 54 88 
34 34 82 59 27 92 0 88 85 55 30 0 77 18 0 0 86 0 37 0 0 98 90 66 66 17 43 0 97 0 100 88 68 66 42 8 20 22 75 12 77 0 44 72 94 97 86 97 22 89 0 83 44 0 0 83 0 84 66 0 0 1 21 79 67 45 14 79 0 0 20 0 34 86 13 64 15 1 58 45 24 0 0 0 21 69 1 49 57 85 100 0 96 18 26 12 0 33 15 0 0 52 13 0 44 0 42 33 78 65 0 65 0 97 98 27 0 91 0 68 
59 85 79 0 46 67 0 44 10 94 98 89 72 29 12 58 75 0 0 0 12 0 17 53 72 5 17 0 8 11 73 21 64 58 0 69 95 15 10 0 3 0 0 6 2 83 98 0 0 74 84 12 0 0 14 0 26 24 6 0 0 0 69 29 35 21 89 50 0 0 0 42 6 64 7 0 18 0 0 67 56 98 76 0 93 57 82 55 64 10 20 20 52 94 25 69 0 0 64 18 0 0 17 59 0 0 0 26 0 80 39 67 0 39 69 36 91 0 0 84 
97 15 0 63 77 53 27 0 88 0 0 0 11 99 35 77 78 48 57 46 0 99 68 3 0 0 56 46 47 60 0 9 23 8 98 46 77 80 53 16 59 8 0 63 16 41 0 33 58 7 0 28 0 12 35 0 96 0 45 0 6 75 90 14 15 61 0 73 2 93 46 84 0 25 61 63 23 0 3 67 58 40 100 33 100 11 2 89 0 0 0 0 96 9 68 25 100 50 0 82 0 79 41 73 69 36 95 63 0 0 42 68 19 25 0 54 0 0 0 52 
30 93 0 1 70 0 11 0 86 0 81 45 0 63 64 0 20 15 28 0 68 60 30 0 89 96 73 61 76 83 0 0 13 63 68 37 7 0 91 29 69 3 0 85 0 22 94 0 6 6 66 88 25 45 0 42 46 59 87 90 0 47 26 0 50 73 0 0 67 36 67 8 88 0 0 54 23 77 82 0 0 5 0 45 79 45 22 68 66 66 7 7 65 78 59 94 83 74 62 71 49 0 6 50 0 0 11 88 76 34 82 64 0 33 34 88 68 84 52 0 
