5
10
5
172 49 78 72 36 154 53 31 87 103
50 56 103 37 16 9 143 111 179 93
14 16 8 6 5
181 182 212 143 376
50
5
92 95 19 156 27 56 7 176 11 128 179 31 2 56 96 113 107 148 150 107 15 192 145 122 2 52 55 176 44 161 32 30 124 50 68 88 134 131 184 132 142 125 105 154 19 87 158 188 124 174
110 114 101 34 52 117 149 153 126 4 22 100 134 59 137 86 82 112 9 47 169 11 169 30 117 29 96 10 128 170 102 26 129 33 86 57 126 40 44 166 121 74 142 77 85 162 29 49 176 71
18 16 0 8 19
217 319 141 381 122
30
10
67 173 187 27 9 102 167 184 96 160 68 36 185 26 36 129 101 122 153 68 88 157 158 124 103 59 67 91 114 167
43 180 26 128 93 44 154 18 165 184 92 140 2 42 118 187 175 3 175 175 0 162 47 171 180 124 83 57 98 138 
7 3 10 16 4 18 7 1 6 7
165 174 298 149 358 209 303 122 250 216 
100
70
67 85 175 87 120 185 123 27 148 186 110 186 109 178 116 53 153 105 86 16 116 36 152 192 71 57 22 131 97 168 5 43 106 155 72 147 50 158 192 199 190 23 34 128 179 30 29 190 145 190 48 163 120 162 184 86 125 168 175 69 190 129 94 113 17 134 75 61 121 92 147 135 97 120 25 69 46 52 92 57 112 8 125 37 185 88 110 199 132 84 67 134 142 123 76 154 169 150 33 31
46 127 37 155 171 131 191 146 177 40 48 34 155 118 123 190 108 110 15 59 197 11 146 139 123 80 93 13 92 70 164 95 192 125 125 182 89 15 38 194 133 74 128 21 153 116 24 170 5 87 74 192 76 148 6 165 66 145 149 165 110 117 139 18 167 120 20 67 137 62 96 183 39 58 88 152 175 172 40 19 115 37 13 108 84 64 46 164 23 137 13 68 17 191 133 25 180 154 51 88 
10 15 10 8 2 17 0 1 0 7 12 0 11 11 8 10 6 3 18 0 9 3 9 9 3 19 7 5 7 7 17 5 17 7 8 14 3 11 7 17 14 17 8 19 5 19 2 3 2 8 2 0 13 16 8 2 6 18 12 13 12 19 3 12 1 14 1 17 2 11
236 239 220 218 223 379 206 206 344 326 286 364 127 286 339 383 173 104 222 304 338 233 181 298 339 254 205 242 160 252 372 220 354 123 163 164 117 391 289 378 343 366 297 262 307 342 388 359 282 145 108 359 353 172 365 365 380 258 399 110 324 290 314 200 373 393 312 333 332 112
200
100
167 112 165 179 133 8 12 48 44 86 63 148 105 97 3 80 196 12 58 191 30 170 54 135 12 90 179 46 65 155 72 197 15 1 118 72 87 94 31 132 99 137 8 127 179 186 87 172 140 147 148 67 106 72 188 148 39 183 137 69 57 193 170 111 15 110 121 132 12 108 0 187 2 129 50 42 40 140 136 67 92 111 81 127 145 87 15 165 2 170 136 179 140 183 27 171 112 65 127 24 174 124 159 30 98 150 95 148 122 103 167 133 109 152 143 194 125 183 177 25 13 185 162 97 148 119 121 59 160 153 62 18 99 45 35 139 89 72 118 197 47 107 13 90 181 199 48 76 85 129 153 80 49 142 22 125 120 183 22 62 48 62 176 11 13 159 111 20 113 183 39 69 57 16 112 170 22 147 106 61 16 195 23 154 60 112 77 89 23 33 0 131 57 72 3 124 171 114 152 151
46 122 129 186 92 64 0 57 0 78 128 193 193 41 181 149 158 179 70 132 42 142 120 37 74 79 46 154 107 45 18 192 6 96 58 139 174 100 110 92 151 78 53 172 46 3 77 40 101 21 34 60 37 143 68 186 35 118 59 26 53 144 36 121 60 126 162 196 58 187 159 91 83 60 139 16 149 31 89 111 129 118 175 158 49 59 11 12 122 19 176 11 193 101 129 63 63 42 74 158 31 20 156 143 52 0 112 125 198 70 176 75 99 109 66 152 135 169 86 50 166 63 77 100 135 117 34 161 160 12 42 128 158 199 45 184 108 51 76 43 88 183 3 196 19 19 158 146 199 82 125 157 89 145 129 126 6 72 6 104 175 133 105 155 63 78 170 21 137 69 64 41 60 35 81 106 120 120 33 38 80 14 183 4 128 35 181 168 87 117 135 116 19 13 48 166 89 63 66 31
7 14 8 7 18 9 7 4 11 7 16 9 11 4 17 9 2 6 5 15 13 9 6 12 13 8 3 3 5 14 17 14 12 17 4 15 5 19 1 10 4 8 14 14 0 9 19 6 9 13 16 11 1 11 2 13 9 17 5 7 14 8 13 1 14 11 3 11 14 18 10 6 6 1 16 19 2 12 12 7 10 10 3 11 19 4 1 15 6 4 11 5 13 13 4 8 9 11 13 7
360 128 171 309 303 118 366 330 334 259 339 149 152 291 164 119 320 235 289 332 379 304 185 361 122 112 149 343 265 290 151 378 276 277 172 231 201 342 114 180 171 337 166 216 236 348 134 232 208 179 391 226 188 332 144 125 111 380 269 338 191 267 277 352 264 344 111 397 259 174 360 342 224 288 147 334 337 173 395 319 388 324 204 395 148 281 117 368 112 277 131 344 273 354 200 221 396 124 209 177