0 15 14 20 21 19 3 6 7 1 20 21 17 19 20 25 
3 0 19 13 18 17 10 12 10 15 8 7 7 2 7 9 
11 12 0 18 14 18 8 7 16 2 14 20 18 4 4 2 
2 9 10 0 7 18 2 12 7 14 6 18 21 16 3 14 
7 12 13 9 0 1 22 11 16 22 3 15 19 13 22 22 
20 25 12 14 6 0 4 9 4 12 15 20 22 22 9 21 
12 10 8 11 13 10 0 24 22 15 21 5 9 15 6 13 
17 12 14 6 8 9 16 0 20 2 10 14 15 24 23 23 
21 23 13 21 24 13 5 17 0 17 16 14 18 15 3 5 
13 16 4 4 8 24 2 24 24 0 10 14 22 8 22 14 
5 14 22 4 23 8 22 5 11 16 0 1 13 5 23 18 
9 9 2 20 1 25 15 25 18 3 11 0 15 19 15 6 
21 6 13 19 10 14 13 3 6 19 22 12 0 15 2 23 
10 24 24 1 8 5 5 17 21 20 12 3 20 0 9 17 
23 5 13 1 11 24 1 12 19 3 3 11 1 18 0 10 
4 10 25 2 10 24 22 1 1 15 17 11 22 22 21 0 