10 2 5 0 13 13 12 10 13 13 9 9 13 3 2 6 0 10 15 10 
13 11 1 2 9 0 1 5 9 9 5 0 1 12 2 8 6 5 4 13 
1 8 8 14 1 8 2 1 4 14 12 6 13 6 5 7 14 2 1 3 
9 0 7 13 15 9 7 1 2 11 10 13 1 8 9 11 13 12 10 6 
15 6 8 13 0 13 9 10 4 0 13 4 15 4 2 2 2 11 14 3 
8 4 3 0 4 6 11 10 9 7 6 8 10 7 6 7 8 10 11 11 
0 14 13 4 10 9 8 11 0 10 15 3 1 4 5 7 13 12 5 6 
6 3 7 11 5 0 11 3 1 0 15 2 5 4 12 5 1 4 2 5 
9 6 6 9 6 15 14 15 5 13 6 13 7 7 4 8 3 1 12 6 
9 15 8 10 0 6 2 12 3 5 6 7 5 5 7 11 10 8 0 11 
11 10 2 0 10 10 7 13 10 7 3 15 4 11 15 0 6 0 9 3 
8 8 7 6 14 14 6 13 3 4 12 10 12 1 7 3 1 6 5 2 
12 1 2 12 7 4 11 14 14 9 12 6 13 0 13 8 2 12 3 3 
10 15 11 5 15 0 9 4 1 13 14 4 6 13 13 11 5 12 10 3 
7 11 7 15 6 12 2 14 8 1 9 0 12 13 9 6 6 3 4 14 
10 7 4 8 9 14 10 2 4 11 13 8 5 12 14 11 3 10 5 5 
11 9 2 15 11 3 12 14 6 15 13 15 6 11 14 3 4 10 6 0 
8 9 13 8 6 3 5 5 4 13 3 11 15 15 9 8 0 15 6 12 
5 3 1 5 0 4 4 10 1 15 10 10 4 1 9 11 4 13 13 4 
3 0 0 6 6 6 8 10 7 12 6 8 9 8 4 2 10 4 3 4 
0 2 13 12 15 9 0 15 2 8 6 14 2 10 12 7 0 1 4 4 
15 3 15 14 3 4 6 10 1 10 6 13 12 9 3 7 15 9 8 12 
11 15 5 8 2 14 6 15 5 13 7 10 7 0 11 10 12 9 1 0 
6 14 1 1 8 1 4 3 4 1 15 8 1 9 14 1 15 14 10 0 
10 0 12 6 12 1 0 11 7 10 7 3 15 1 14 7 8 1 9 0 
2 11 4 7 7 8 1 5 6 12 4 7 1 1 3 12 3 4 13 15 
12 2 6 12 7 10 6 8 6 2 12 12 8 10 3 13 12 15 8 1 
5 8 15 8 11 0 7 1 7 9 5 12 2 2 11 5 14 0 1 7 
14 10 9 14 8 7 14 8 10 5 5 8 13 5 7 9 12 0 0 5 
2 12 3 0 9 15 11 4 11 15 2 8 0 10 2 8 2 12 6 11 
7 11 5 15 3 0 3 15 1 12 8 11 4 13 5 7 12 5 12 4 
3 3 9 2 0 11 0 10 3 13 5 6 1 13 15 10 3 4 1 6 
1 13 3 7 1 0 2 8 8 13 0 10 12 9 0 3 1 8 14 11 
5 5 15 15 9 4 9 5 15 4 6 1 5 15 3 3 8 1 14 11 
8 15 12 12 2 0 1 3 4 1 3 0 4 6 3 4 15 15 10 1 