100
44 94 18 72 4 72 47 67 39 19 93 9 48 54 70 28 50 55 59 50 29 31 48 42 88 77 6 68 54 8 69 98 3 87 70 7 11 69 26 3 40 71 64 88 26 86 16 76 41 27 78 22 59 26 65 99 4 23 67 58 32 88 8 87 76 30 94 39 51 72 42 92 44 6 80 22 93 49 98 86 28 76 9 87 2 26 38 58 49 58 68 81 46 28 20 74 58 14 14 62 
39 56 54 35 15 34 57 60 35 7 46 64 83 55 3 37 33 42 48 83 0 68 16 46 49 37 21 59 3 87 21 42 43 75 77 10 62 86 70 97 93 17 61 28 24 17 66 58 59 66 93 59 86 9 57 35 46 30 95 2 17 16 96 13 92 74 23 6 60 94 3 6 63 17 34 39 34 52 49 93 18 42 4 5 4 13 92 2 44 87 4 61 56 1 26 48 27 50 54 39 
96 9 45 11 26 80 2 12 32 52 57 3 46 61 60 50 27 52 53 71 40 57 84 48 10 11 48 37 13 54 77 61 63 74 24 42 54 26 54 39 78 64 42 25 77 2 27 4 54 80 75 46 90 60 94 0 23 42 90 88 96 19 49 12 93 25 54 48 51 60 87 82 24 29 59 2 83 86 6 37 67 34 36 9 46 30 9 69 25 51 57 73 70 58 85 64 83 39 64 86 
52 3 68 76 32 27 30 67 66 37 4 33 71 92 94 17 75 55 38 0 7 47 73 77 57 59 93 92 50 57 78 2 60 47 31 44 26 61 11 92 98 68 77 21 60 71 90 87 79 80 87 86 79 13 63 36 24 9 28 74 66 59 29 27 58 60 71 84 73 35 29 24 3 58 45 15 82 88 3 61 68 42 47 0 55 62 36 31 71 17 58 38 76 87 17 34 99 40 70 72 
27 51 96 82 10 94 98 92 82 53 53 2 47 52 54 55 14 91 86 38 60 44 28 88 83 45 22 34 37 44 7 65 96 55 47 6 49 97 50 83 2 3 38 50 55 92 5 21 35 91 11 95 88 39 83 23 36 57 58 26 2 65 91 50 20 90 8 22 88 58 57 90 61 95 40 68 40 97 41 75 41 53 23 29 44 58 52 33 16 10 59 70 27 50 72 0 40 80 74 80 
38 31 71 99 79 63 19 19 61 12 46 54 17 69 83 62 28 87 95 96 50 54 66 29 56 38 29 96 18 55 29 8 87 0 7 18 15 78 37 28 90 35 82 8 5 17 22 85 57 69 81 7 23 99 36 79 89 18 27 7 73 56 15 12 8 74 30 76 4 19 56 46 55 39 6 12 8 28 97 65 97 30 72 72 29 61 3 18 31 83 77 56 91 44 69 52 70 51 28 26 
23 84 72 30 75 79 94 84 59 91 49 9 73 74 81 2 35 37 72 66 20 1 74 11 45 43 15 67 47 43 93 22 80 17 4 7 96 98 91 8 89 93 17 62 67 50 16 54 87 40 72 59 41 46 23 38 42 38 5 89 82 50 63 14 67 67 21 16 65 65 24 6 58 41 20 25 91 88 79 31 28 51 90 69 97 13 59 91 52 16 32 86 66 95 0 85 14 73 1 79 
38 77 37 96 18 57 73 62 45 4 93 25 7 35 46 5 49 5 48 53 73 81 39 39 76 91 77 91 64 30 22 55 8 60 51 26 69 77 40 15 81 33 92 89 69 39 46 70 96 94 23 70 75 14 61 4 5 38 95 21 69 69 76 77 29 80 55 99 57 96 66 38 81 58 79 2 49 25 24 46 72 47 16 47 61 77 51 18 16 98 40 37 68 16 66 49 96 21 48 5 
69 66 96 51 77 75 5 26 53 30 72 25 29 88 72 43 18 76 61 86 26 1 23 94 70 89 96 18 62 96 24 32 63 20 35 40 47 92 18 0 22 43 25 4 83 50 47 1 78 8 87 4 62 62 51 32 51 47 2 66 43 26 50 58 98 37 50 98 29 69 98 4 12 76 8 47 78 55 49 8 63 36 64 77 51 15 9 54 14 12 20 10 90 70 68 41 7 71 39 89 
40 89 93 4 17 53 51 47 8 52 55 23 41 72 1 92 39 62 46 54 26 19 16 69 89 84 10 49 55 1 90 47 42 83 3 12 88 7 11 96 11 19 71 52 91 24 96 30 87 43 36 65 62 52 34 3 89 96 4 96 97 94 96 92 29 99 56 17 58 67 65 22 86 37 74 77 61 71 8 0 66 96 66 80 49 0 35 38 97 40 34 46 86 30 90 16 82 46 85 92 
14 51 14 52 40 41 30 53 64 90 54 30 86 72 62 87 72 97 25 21 89 60 20 76 42 10 92 24 9 29 69 75 80 83 27 20 24 9 74 88 99 80 70 38 52 32 25 76 82 51 98 71 63 70 47 57 32 91 34 41 21 3 16 53 38 96 26 63 5 52 3 57 32 26 95 36 58 20 12 92 23 62 64 38 32 63 48 65 7 82 58 28 37 27 33 75 23 59 90 28 
11 46 85 95 72 32 31 82 5 96 75 28 58 39 19 43 54 67 60 61 1 70 41 38 97 75 13 20 86 56 1 98 2 38 45 74 23 29 56 28 25 31 8 35 22 79 30 77 46 90 90 47 13 32 37 10 7 51 83 93 7 36 43 9 26 89 35 49 18 91 77 95 23 38 30 97 17 13 74 16 55 65 15 68 49 53 79 56 56 14 1 15 50 97 76 76 38 11 26 8 
2 55 3 77 93 85 75 11 98 1 27 6 18 42 74 67 47 53 23 3 67 77 18 69 26 94 46 64 5 24 72 60 79 27 37 25 64 64 36 15 66 15 21 84 9 95 52 57 1 27 60 20 56 31 90 82 25 88 46 83 12 70 43 91 49 32 16 66 97 4 81 63 71 54 99 81 1 51 90 2 31 2 75 87 33 65 70 11 5 68 46 17 91 89 60 92 73 29 58 70 
33 91 85 57 97 37 90 99 88 80 53 71 34 28 59 20 45 81 83 50 1 29 19 92 70 80 37 43 9 47 66 94 39 3 3 88 40 93 87 81 25 41 52 12 21 63 32 67 44 15 69 46 44 89 90 14 21 27 9 30 75 75 76 66 31 80 54 71 25 42 4 3 35 57 15 56 72 47 75 17 14 45 63 58 86 53 24 7 81 33 89 8 61 17 74 92 49 28 15 75 
22 72 30 57 81 45 66 53 92 41 70 58 38 85 16 24 39 92 83 72 77 72 32 38 42 6 82 91 86 50 18 9 22 48 18 55 45 84 8 89 78 79 47 16 64 15 93 55 7 76 79 85 1 11 75 95 69 10 86 56 12 57 17 86 57 35 41 3 72 49 92 50 80 40 18 97 55 11 4 15 40 84 0 93 47 27 88 17 37 74 73 1 83 90 87 41 77 28 96 1 
30 88 3 10 80 22 59 36 85 64 3 77 0 55 70 47 82 58 64 72 85 37 73 68 79 61 61 9 89 57 10 19 46 66 82 78 88 41 66 25 57 69 3 57 24 25 5 7 84 69 31 69 59 4 89 90 65 51 51 7 8 62 78 6 28 60 85 68 54 51 45 11 21 0 69 45 26 26 4 62 95 35 31 6 40 20 49 57 23 0 16 32 14 95 90 42 7 75 62 13 
79 60 77 0 60 46 97 38 24 54 0 71 89 31 78 81 4 79 91 27 79 7 11 94 54 2 88 14 29 3 79 8 63 56 60 75 54 10 14 78 64 14 50 53 98 80 87 54 59 78 33 38 37 45 84 44 99 73 58 28 28 37 89 91 46 49 18 0 59 32 79 23 99 29 29 97 9 16 3 20 46 36 58 83 33 95 27 32 20 37 13 48 27 2 91 73 3 9 25 63 
42 4 38 93 85 19 42 46 87 45 66 33 81 77 69 15 72 48 99 92 38 12 40 65 14 31 90 70 92 15 33 86 72 23 79 57 95 21 4 82 18 22 68 52 99 89 19 71 89 18 15 27 83 55 44 49 38 34 19 83 2 4 69 74 28 49 83 23 22 39 57 93 62 25 45 13 66 64 37 56 34 52 83 17 60 80 67 50 66 86 33 68 91 3 94 71 4 78 46 78 
17 55 71 79 33 68 93 99 84 82 55 19 34 91 88 94 71 7 97 89 94 30 58 37 85 4 60 89 82 58 20 0 13 91 31 46 12 76 46 96 58 53 67 45 44 56 91 67 63 88 9 9 19 19 98 56 23 58 98 6 16 18 58 82 61 41 28 73 18 26 70 28 80 37 73 76 45 65 96 9 53 5 70 24 24 69 33 47 27 31 5 96 49 63 78 10 57 58 36 75 
85 58 3 65 47 29 41 93 94 37 54 99 94 24 76 18 45 9 18 25 92 23 21 41 39 51 3 96 9 91 23 94 49 78 11 97 59 53 90 53 42 96 5 89 72 33 7 18 94 77 43 86 53 16 79 92 67 82 40 28 74 15 23 75 45 34 72 5 39 14 10 34 10 15 23 35 0 82 53 94 60 96 32 13 12 11 57 31 94 49 59 20 16 34 95 61 21 20 66 12 
86 77 46 49 44 21 84 45 56 37 91 16 85 24 81 49 87 90 80 81 91 91 53 7 26 1 68 47 73 87 11 59 64 10 8 60 31 44 57 87 33 49 55 18 25 88 67 12 78 99 46 69 91 51 28 69 4 97 68 77 84 79 89 0 89 49 60 73 94 18 12 27 19 20 46 96 8 65 60 39 17 6 60 8 10 89 29 14 38 97 92 74 28 81 74 18 30 86 43 76 
56 55 4 27 27 2 75 36 19 36 27 36 94 87 44 4 76 73 19 66 22 63 40 51 96 66 21 78 5 64 55 61 71 11 41 99 13 16 87 32 4 14 21 99 1 65 55 30 91 26 96 65 89 37 16 37 3 89 16 8 5 23 22 77 86 15 28 51 83 15 83 88 29 56 39 82 22 94 12 65 21 9 82 62 46 51 0 1 40 68 62 46 43 36 75 29 3 3 80 86 
18 15 26 99 72 65 81 46 60 94 63 81 55 45 43 53 96 95 54 89 63 68 35 58 56 10 87 59 65 67 46 83 83 72 34 7 38 15 53 50 9 16 83 64 61 78 69 10 74 24 99 89 44 34 48 1 96 35 60 61 55 58 96 90 31 30 97 21 97 50 23 59 18 6 75 31 84 45 41 10 69 40 0 65 26 0 66 74 35 27 87 42 37 83 32 68 65 29 41 63 
31 64 22 49 70 49 81 7 94 22 17 15 15 17 81 93 17 47 68 5 26 55 47 64 91 32 84 56 61 78 71 45 42 45 94 65 95 27 72 89 2 89 5 17 59 86 10 28 85 30 85 64 86 85 80 77 17 64 85 30 42 9 75 37 54 22 2 1 49 26 91 51 67 48 20 26 86 83 7 71 13 92 87 51 29 67 80 46 32 66 77 26 27 4 63 81 26 17 35 28 
43 78 31 11 26 4 89 12 87 96 35 52 41 75 4 70 42 84 17 74 2 46 53 29 50 16 63 29 86 98 57 29 76 88 40 54 92 30 18 31 78 5 84 19 80 40 42 23 76 59 49 31 57 2 60 59 71 75 88 57 73 45 38 1 86 31 55 30 13 73 62 91 79 98 63 59 90 5 82 66 16 84 97 73 86 10 84 9 85 73 18 11 70 57 12 8 88 68 39 1 
93 53 44 24 51 59 84 93 64 18 59 32 2 9 57 41 19 42 2 56 15 21 67 37 30 32 46 18 52 85 71 45 90 67 70 41 27 6 86 43 76 45 76 79 6 85 72 77 27 74 86 94 47 53 32 77 37 30 47 89 15 70 87 5 38 9 98 17 15 84 12 91 81 40 22 40 26 46 17 5 21 55 0 68 9 84 98 98 14 45 88 81 16 27 38 6 36 88 75 3 
24 87 46 57 28 69 97 54 67 67 11 88 22 11 9 83 47 7 82 13 4 22 94 20 1 84 78 37 72 53 92 96 41 38 54 21 59 51 27 27 70 38 67 93 2 28 28 49 35 10 15 92 84 9 64 85 46 43 74 18 48 66 15 41 57 21 62 68 24 41 95 95 80 15 40 82 43 68 83 31 31 98 23 67 60 39 53 6 82 27 24 31 46 91 24 3 64 87 23 89 
28 71 36 60 86 76 42 81 96 78 64 79 76 39 47 36 79 52 94 61 31 19 44 77 62 69 32 27 8 56 68 88 27 4 49 65 32 43 46 80 73 11 60 50 50 59 38 29 11 33 43 94 4 39 24 18 60 56 97 68 64 65 9 43 69 58 60 1 53 59 34 27 22 46 29 24 5 19 54 68 4 49 62 60 40 86 79 1 95 76 69 11 42 30 7 63 40 67 17 94 
78 51 73 0 97 2 25 2 73 31 22 78 80 36 38 20 23 17 21 70 46 43 33 40 25 40 3 66 60 20 12 38 23 85 39 20 39 16 74 12 47 96 90 27 85 81 99 60 50 73 30 96 68 15 36 93 56 92 11 68 64 23 58 88 8 49 8 99 65 35 64 12 83 54 91 68 87 43 28 38 16 10 34 36 26 23 81 34 15 93 2 79 16 60 67 77 62 28 76 27 
63 40 40 98 47 31 67 34 74 95 24 42 58 59 30 84 34 12 18 49 57 72 80 73 84 0 2 46 80 31 74 95 23 66 93 22 97 60 57 24 8 81 18 66 92 49 2 26 13 72 27 70 44 60 95 28 60 50 27 40 81 53 87 4 19 80 27 68 93 36 44 53 69 63 71 14 64 73 92 29 45 20 51 41 80 98 21 92 48 48 84 29 1 71 86 72 3 65 41 96 
53 85 49 74 0 72 88 64 45 81 93 42 53 96 83 85 95 57 77 43 5 61 25 59 84 63 31 87 28 24 36 33 10 37 7 10 10 96 27 7 29 72 2 34 69 37 19 64 94 48 7 52 61 32 11 45 95 94 84 75 19 20 8 29 58 68 91 20 64 18 27 45 91 29 79 12 67 50 76 61 98 83 65 59 68 76 4 15 23 40 43 42 61 3 23 19 71 66 39 87 
85 18 32 28 48 63 40 67 13 68 80 63 3 46 22 71 74 78 39 97 19 82 39 32 37 14 51 9 81 42 96 18 12 81 98 12 44 90 79 10 58 12 25 13 10 48 85 84 78 76 82 49 10 73 81 47 40 84 56 73 78 53 91 91 86 41 3 82 31 35 44 41 47 70 54 57 70 91 93 48 19 75 98 29 1 79 77 93 16 85 66 94 90 57 85 76 50 89 59 33 
76 3 26 23 73 32 32 43 24 25 44 43 53 94 25 6 25 54 99 41 39 65 36 30 74 21 58 24 62 69 9 38 73 35 13 98 67 45 94 43 23 90 87 28 84 64 34 9 18 85 51 57 2 87 39 76 60 98 52 23 19 61 61 92 48 75 43 15 72 89 59 47 79 98 75 15 62 61 24 32 46 27 89 48 66 81 76 27 31 80 50 50 93 63 95 41 90 90 9 15 
79 68 62 10 18 90 25 80 51 1 12 98 81 53 98 47 86 27 74 17 7 76 20 1 92 15 94 82 5 3 49 36 23 12 98 41 2 75 73 5 28 37 3 9 91 54 57 77 81 83 47 40 60 67 93 52 34 40 86 91 43 36 27 67 0 25 60 54 52 34 59 80 71 15 90 14 21 99 44 54 82 91 94 42 10 40 46 44 80 85 35 75 73 14 42 73 91 55 27 43 
89 38 23 60 53 65 27 26 64 71 80 47 62 75 41 72 67 40 68 47 25 3 22 98 69 17 23 60 72 2 55 13 40 78 25 46 96 52 72 60 23 53 7 37 80 1 61 47 41 29 46 66 84 20 16 53 89 39 65 13 41 20 26 81 51 4 79 47 56 52 7 32 57 67 69 89 68 31 36 9 60 34 27 97 54 43 50 44 82 68 57 23 88 36 56 91 40 36 38 96 
40 98 28 97 65 50 38 33 81 26 94 93 60 21 90 66 64 93 10 98 61 20 21 1 8 29 93 48 65 31 96 57 29 77 6 46 27 44 31 60 70 25 53 30 98 44 49 14 89 11 12 50 31 85 3 39 15 96 39 32 80 36 42 61 13 48 8 92 93 91 52 15 17 5 98 67 1 47 34 90 58 46 92 42 84 96 33 51 44 73 35 24 9 77 86 74 26 46 66 71 
89 18 86 58 23 36 26 77 83 60 67 94 58 12 36 42 8 69 45 52 42 81 29 3 58 67 77 36 65 95 7 54 13 46 13 89 82 39 66 18 51 85 12 9 49 0 4 57 69 49 62 64 30 91 19 41 10 49 77 75 44 37 29 10 35 42 99 69 33 17 87 84 54 51 46 4 51 50 13 73 51 75 37 34 18 56 75 28 5 4 3 2 41 85 12 76 27 11 98 13 
80 85 97 86 89 95 90 40 45 56 13 97 83 2 31 2 59 58 82 16 62 38 18 4 23 30 32 2 93 82 15 25 68 65 64 57 60 6 49 6 62 15 55 46 17 38 0 76 96 82 45 10 20 15 66 43 98 51 46 43 33 61 21 1 78 85 10 39 91 12 97 54 27 52 0 44 42 0 73 90 34 70 0 55 85 67 50 83 18 96 79 51 10 0 5 88 85 67 79 76 
79 76 82 58 28 34 3 22 86 28 12 21 98 13 76 35 80 78 71 98 75 50 1 37 50 6 77 87 26 57 15 5 33 98 16 14 32 19 36 19 99 49 92 49 62 20 84 94 98 55 44 25 57 45 62 7 4 92 46 30 49 62 87 34 60 3 48 44 74 37 15 73 38 7 22 52 27 59 46 26 14 42 51 24 87 66 83 43 58 30 73 59 92 13 93 4 16 94 48 91 
31 16 16 69 23 91 73 3 50 19 81 16 13 84 40 0 50 24 96 60 54 21 19 98 34 65 2 51 59 2 94 42 18 10 63 94 53 36 97 3 7 78 20 20 62 12 72 65 36 68 25 42 42 97 40 76 62 94 79 73 97 25 67 67 88 30 61 41 18 10 45 25 40 17 97 3 29 69 20 66 90 97 8 32 46 1 60 60 95 40 33 44 17 0 12 5 82 25 47 0 
36 44 77 76 61 74 31 90 44 3 8 86 1 69 18 99 70 78 60 65 70 45 10 88 46 22 45 80 99 92 81 87 88 10 16 49 85 47 92 81 3 52 67 56 21 37 55 91 15 15 57 38 61 67 78 59 41 23 39 92 68 72 80 56 35 96 58 20 95 2 1 98 54 20 54 76 57 62 67 72 77 76 62 90 95 40 1 88 16 93 81 84 65 61 92 0 57 2 72 4 
4 25 3 59 45 9 87 2 71 54 27 1 83 41 43 78 82 45 67 50 38 48 34 55 61 78 8 70 81 80 74 37 6 29 96 3 39 35 58 62 90 85 15 25 26 59 3 60 4 22 10 42 70 96 97 83 27 5 53 8 38 28 45 96 9 94 99 48 29 57 63 71 94 78 96 73 89 52 33 93 74 96 87 97 44 37 80 71 94 34 79 32 14 77 28 23 23 80 24 4 
89 87 76 84 17 24 57 7 76 42 52 3 90 40 0 35 77 80 6 71 66 38 56 80 67 36 56 90 68 80 94 58 19 22 94 88 47 3 95 75 97 0 78 88 92 30 23 69 63 81 92 29 19 0 10 86 89 66 28 57 98 23 15 17 97 61 5 96 64 53 72 62 5 2 50 97 85 25 18 48 6 62 77 78 63 39 16 52 57 45 61 55 20 77 24 17 90 82 14 55 
87 38 17 92 92 19 41 77 96 59 25 2 73 55 32 36 94 49 40 4 94 2 59 14 31 36 83 21 70 97 28 57 87 97 1 80 68 94 57 64 53 35 19 26 90 51 15 36 52 7 40 46 61 52 12 44 88 96 18 10 45 46 19 33 96 20 65 64 66 22 29 19 9 48 97 51 51 64 88 4 72 28 2 85 32 15 30 72 63 48 82 60 46 1 45 42 73 10 7 39 
85 36 10 94 36 60 46 39 24 86 43 48 66 98 34 99 13 16 71 28 64 6 88 10 7 34 5 33 44 12 72 81 0 35 76 88 95 74 27 71 60 23 20 26 73 6 25 86 22 49 66 38 55 6 0 14 92 5 47 89 69 72 70 21 7 46 9 54 20 89 25 32 64 97 59 37 55 84 75 29 33 93 67 40 99 20 55 92 25 2 33 47 26 3 68 33 2 30 39 74 
19 17 7 35 14 66 72 22 2 99 51 88 92 71 28 91 91 35 35 68 38 68 15 64 72 36 50 26 66 41 0 37 58 7 72 25 25 44 47 28 43 50 16 35 21 96 78 12 32 14 81 22 34 48 38 58 84 40 84 2 82 85 39 92 44 11 17 70 7 16 98 2 67 66 89 40 14 68 53 46 34 86 20 68 86 59 27 23 51 63 25 33 48 65 26 93 76 95 63 84 
64 13 38 31 79 28 71 45 96 76 44 30 14 64 50 53 75 29 76 27 93 53 12 93 18 90 86 47 86 1 83 50 14 21 33 45 49 56 43 45 85 87 27 51 51 30 4 79 11 32 58 4 86 70 50 4 61 36 3 99 90 86 1 56 8 86 54 9 94 97 7 79 84 86 83 87 16 39 18 28 72 76 84 58 47 34 14 60 23 70 11 65 56 64 21 16 2 27 26 96 
76 85 28 12 71 11 0 40 2 70 20 74 47 4 84 46 91 51 6 66 21 69 31 29 33 4 46 35 32 24 83 8 9 11 21 32 74 73 72 77 43 92 3 42 97 88 88 40 91 94 6 12 15 89 41 48 93 39 35 77 15 19 86 76 82 59 9 57 84 81 86 27 26 89 22 75 77 10 15 68 57 73 32 72 62 26 73 7 17 8 85 33 79 23 61 14 82 70 71 66 
4 9 45 30 98 67 5 28 78 72 48 87 45 81 59 59 59 84 66 76 45 51 9 24 74 71 38 56 93 61 74 49 70 72 79 21 91 36 49 21 8 97 8 5 30 68 64 89 52 31 66 97 82 27 74 9 50 64 17 96 78 92 45 0 16 25 21 7 13 22 29 74 20 37 79 2 57 96 92 62 27 58 59 61 37 85 70 88 2 40 84 80 32 29 80 0 6 54 7 72 
76 36 46 48 74 77 51 31 73 95 93 0 5 5 14 42 42 36 82 44 76 18 24 60 0 57 60 6 11 68 30 39 56 76 88 30 54 91 14 27 38 59 80 43 16 46 85 59 82 20 3 11 38 80 71 38 89 84 97 0 4 27 91 60 4 31 91 10 74 57 89 12 16 69 55 85 15 93 44 50 13 99 61 3 31 32 42 20 68 91 72 72 18 16 33 74 47 76 36 22 
33 26 34 1 95 42 86 63 87 82 13 0 34 74 55 17 58 49 38 27 40 62 51 59 78 84 85 78 60 22 0 45 48 86 47 95 80 85 58 67 20 23 19 6 97 75 23 8 24 13 87 65 76 38 76 6 23 13 84 35 35 36 81 35 75 80 31 55 17 41 23 37 65 94 95 62 69 19 22 46 32 9 63 60 48 39 67 23 52 3 58 40 40 39 75 67 19 6 22 37 
48 97 26 65 44 22 27 13 93 2 11 25 11 74 38 11 13 57 34 18 12 93 10 4 84 85 71 56 44 46 93 44 43 71 9 39 45 88 53 38 90 64 16 54 91 54 65 4 63 0 74 75 45 84 80 29 22 51 85 66 97 30 62 93 54 71 32 99 11 37 38 2 54 6 8 45 12 73 1 75 25 28 2 70 64 82 0 86 86 37 4 35 68 66 80 22 89 65 73 1 
54 63 55 8 69 63 5 81 88 59 8 14 39 63 84 3 45 36 90 83 74 46 71 94 13 51 68 54 68 93 55 23 57 62 83 78 77 41 12 66 0 20 80 39 83 16 94 81 5 84 16 79 31 87 25 96 91 45 50 59 38 58 82 95 72 66 74 50 7 86 68 59 58 0 50 94 16 44 27 73 81 43 52 64 31 29 12 22 74 62 81 13 72 16 8 45 34 34 47 93 
72 15 52 31 15 54 77 83 98 4 57 31 47 61 95 30 91 59 4 17 22 38 30 46 54 91 43 40 77 90 33 50 5 37 33 72 91 10 8 41 66 17 25 65 30 72 96 73 32 0 91 6 90 73 52 96 64 96 36 94 86 69 44 44 6 29 68 49 39 28 43 5 45 68 70 28 92 18 1 24 71 92 30 61 18 83 58 34 31 94 28 17 16 72 13 74 53 34 76 92 
62 71 49 60 91 72 88 83 42 89 8 13 34 38 27 4 73 37 38 4 83 67 74 51 91 39 26 45 73 54 89 36 25 91 96 16 63 36 99 57 77 7 23 11 98 50 15 71 39 6 28 22 73 54 26 16 93 52 61 67 6 3 3 31 94 51 47 9 39 98 66 16 6 89 80 56 91 47 79 82 53 7 57 78 61 83 95 55 87 8 74 93 11 29 76 5 80 75 66 71 
73 33 87 31 74 19 87 18 67 67 52 72 74 9 51 88 92 98 95 79 6 69 24 18 98 52 75 30 27 42 1 1 27 40 84 53 60 72 23 79 39 76 51 65 85 54 5 30 52 0 61 59 69 38 29 67 90 56 49 18 50 50 71 77 91 55 83 3 79 6 82 70 82 33 88 20 88 93 2 92 46 63 51 67 1 32 35 44 89 36 62 39 87 85 69 30 92 52 33 72 
10 15 94 45 0 82 17 40 28 19 33 74 34 36 41 88 69 28 32 10 65 46 1 4 31 70 34 75 74 19 47 85 34 94 82 86 76 99 27 4 18 12 30 4 0 72 92 69 52 76 31 17 22 33 21 5 55 7 81 30 26 80 67 12 74 49 99 51 0 78 7 18 42 38 74 42 62 67 64 14 43 95 84 66 80 57 23 36 65 4 18 43 85 85 56 11 86 7 14 86 
37 22 56 79 12 30 21 74 49 37 40 93 85 24 11 65 82 86 53 99 91 71 42 28 8 98 39 46 57 54 84 94 28 92 73 40 23 47 66 24 36 6 17 21 31 80 39 65 67 92 64 10 16 6 90 76 57 29 75 66 35 59 61 15 52 86 55 27 85 73 51 22 80 21 43 63 53 34 28 72 79 92 34 95 50 24 23 59 6 98 26 41 10 87 57 14 25 64 41 11 
38 44 33 18 65 28 33 71 63 61 43 94 5 78 89 7 2 64 67 60 15 45 2 77 84 11 91 9 75 84 72 65 28 5 35 46 86 68 17 1 29 12 95 86 42 36 94 97 52 13 57 67 58 59 44 42 22 35 3 98 71 76 15 0 33 51 46 19 19 15 72 1 79 67 87 22 55 33 19 8 46 76 75 4 88 72 98 10 59 54 60 31 30 76 31 63 27 29 35 98 
96 7 99 75 27 87 97 82 20 68 90 67 97 18 23 85 90 74 47 49 28 60 32 10 88 15 25 15 96 60 65 92 20 65 20 47 52 17 81 24 38 24 43 35 42 19 20 84 93 19 85 73 79 18 83 67 33 8 34 30 21 0 22 41 65 94 40 69 64 73 93 2 97 89 37 91 8 9 75 1 80 61 26 60 79 9 79 64 69 14 94 90 66 69 83 83 63 75 52 27 
49 97 81 98 86 18 90 94 79 65 47 60 78 73 20 57 82 51 22 4 65 68 94 83 37 30 66 53 5 70 32 6 68 14 5 6 84 95 1 64 12 0 24 91 74 96 0 8 47 74 12 65 43 59 48 32 41 67 37 98 37 70 5 57 84 10 64 68 57 17 84 69 17 8 12 43 56 13 52 56 87 16 21 30 27 21 15 20 88 52 19 78 22 24 35 58 86 99 27 43 
16 11 64 86 72 77 29 28 90 33 36 77 2 57 60 81 31 75 2 71 27 21 49 50 97 85 60 83 36 87 26 5 51 90 91 75 19 20 55 9 6 92 39 8 1 99 89 32 74 91 56 53 64 5 55 61 42 16 44 31 55 22 36 6 65 27 33 84 99 89 46 57 81 85 65 82 84 7 67 10 98 23 15 15 80 71 76 75 39 73 6 94 95 42 53 12 21 86 49 72 
27 95 30 8 80 47 43 16 54 10 78 5 85 93 20 65 16 48 92 7 21 98 54 69 92 7 81 65 45 30 38 73 25 20 81 57 19 76 73 74 38 3 31 23 49 3 41 17 51 33 25 73 32 79 42 76 38 23 42 83 6 32 8 31 4 42 41 23 18 14 49 57 70 32 80 19 35 73 88 87 7 65 60 91 44 54 67 34 77 61 18 35 45 26 67 49 20 8 25 39 
74 74 96 96 59 28 67 94 54 56 81 61 21 93 4 18 47 23 52 77 85 22 12 30 1 79 32 21 39 57 60 66 83 8 62 42 89 30 37 43 86 70 56 59 64 12 77 11 35 30 88 72 4 1 55 5 32 87 27 24 44 39 90 79 48 52 74 89 82 11 84 20 33 40 80 97 52 9 61 39 91 49 12 96 2 67 1 35 54 80 11 50 20 1 81 20 53 55 9 88 
18 93 60 52 85 92 49 89 54 62 28 45 12 40 41 66 7 95 53 13 75 64 15 47 65 97 19 71 52 28 11 71 73 71 23 10 16 24 99 70 87 80 15 51 20 9 17 80 56 23 45 83 87 61 31 53 58 50 76 10 31 87 33 56 10 8 19 26 33 70 48 72 50 16 23 23 25 92 55 81 15 0 64 55 13 47 60 23 50 36 86 33 75 19 89 85 28 8 64 13 
31 64 85 81 80 60 4 5 4 11 38 20 12 55 27 77 2 87 1 52 23 87 85 98 6 27 35 86 87 51 99 18 16 36 52 96 96 8 54 1 20 92 73 84 99 0 61 2 39 62 6 62 49 44 12 8 23 47 94 62 99 94 33 67 30 85 63 79 93 69 32 13 14 57 97 13 9 11 67 48 73 74 10 75 70 74 83 45 21 29 7 72 75 40 39 6 77 55 37 71 
24 69 36 38 78 86 4 87 97 71 35 22 97 97 97 67 71 32 64 44 62 24 69 89 64 8 95 42 15 84 65 92 5 1 82 83 87 86 70 36 58 57 59 55 54 8 75 77 93 39 22 55 15 91 96 80 51 92 74 19 28 39 11 34 92 45 17 80 32 40 68 90 97 27 97 4 36 72 33 29 64 7 36 79 98 32 11 2 76 37 73 5 76 36 91 21 81 8 53 13 
48 21 55 46 49 5 2 37 29 35 18 93 43 6 25 93 90 88 47 67 26 20 24 54 56 15 27 90 75 80 55 24 2 11 22 51 16 76 40 45 11 58 91 6 16 68 0 6 8 99 25 86 20 49 93 28 16 20 70 44 1 26 68 3 89 42 6 57 70 98 54 81 8 45 40 24 65 40 30 26 39 56 12 11 57 5 92 26 78 62 70 79 40 90 34 29 32 40 86 2 
38 41 35 98 38 75 22 56 67 52 82 59 60 46 70 70 52 14 96 30 29 66 61 69 56 95 99 40 87 37 94 77 78 29 75 69 57 97 25 24 1 7 83 62 5 6 32 9 72 80 91 1 46 52 71 54 47 22 94 34 59 88 11 38 69 38 59 26 35 84 3 37 43 86 51 48 44 35 58 17 15 49 18 61 54 41 15 53 63 61 88 23 49 51 13 18 90 72 97 77 
8 0 14 51 38 17 51 83 52 61 52 67 11 70 80 17 64 47 70 27 8 10 2 9 62 67 80 4 39 77 33 99 29 0 50 67 17 54 2 22 15 54 41 78 77 22 95 41 21 66 20 82 76 23 43 90 90 23 46 82 52 80 81 81 80 84 1 97 38 3 71 53 10 13 32 87 87 27 28 60 93 48 42 22 23 86 12 14 61 59 48 14 39 29 47 71 13 48 20 51 
4 92 57 14 5 89 1 92 68 81 52 14 81 47 36 5 85 0 71 46 59 19 60 50 48 60 21 14 8 42 17 12 86 74 78 91 15 79 35 36 12 39 50 94 38 38 99 23 38 22 70 50 41 82 52 41 42 26 7 51 20 25 15 6 99 94 97 67 25 84 3 38 75 53 32 14 43 83 37 33 5 7 35 98 90 88 91 32 14 99 35 86 24 3 92 75 97 41 42 74 
25 97 12 0 2 44 14 45 79 4 31 36 11 66 34 53 54 26 38 20 77 25 6 1 28 50 28 77 91 23 52 68 20 64 69 23 61 35 20 40 91 51 77 55 18 63 8 24 41 98 97 18 24 55 71 52 6 0 30 49 23 82 18 95 98 39 70 59 26 91 52 18 94 81 73 64 44 33 89 86 32 38 56 8 93 28 12 51 80 42 1 55 76 19 50 27 10 21 86 36 
64 38 54 10 19 79 75 16 65 16 54 97 54 10 57 99 90 69 51 70 64 52 25 92 23 28 19 33 1 6 21 17 96 28 27 68 7 54 84 72 70 90 21 76 0 78 28 91 0 79 13 64 83 91 8 58 19 28 43 20 86 64 89 82 92 16 2 0 71 38 24 93 28 98 22 29 76 50 72 28 81 37 44 64 28 53 74 99 81 17 71 67 81 60 1 74 77 56 26 0 
94 2 45 23 0 19 52 29 69 76 57 2 13 2 66 94 55 92 93 88 9 65 7 91 77 60 17 54 16 43 6 11 45 4 34 98 23 38 27 93 66 84 47 31 38 14 25 45 58 71 33 68 88 92 59 65 53 76 72 21 71 30 32 68 34 18 66 58 8 93 3 74 30 50 6 68 16 83 14 75 54 99 43 42 92 54 60 97 82 32 18 5 62 3 73 97 21 92 7 30 
37 10 56 67 12 62 36 29 46 2 56 52 53 99 47 45 5 7 94 87 91 65 92 53 68 17 2 41 9 9 23 47 71 80 66 36 94 54 65 40 56 73 45 10 24 92 7 29 51 54 68 42 19 60 95 87 29 50 28 91 11 4 90 35 84 56 71 78 11 88 71 19 61 16 81 85 60 89 66 11 43 34 53 14 46 0 1 75 50 81 18 62 85 8 49 69 17 20 0 28 
60 71 99 21 39 81 58 99 22 24 10 17 58 63 31 4 63 84 31 66 65 50 80 3 58 29 24 75 49 24 55 61 47 7 82 86 88 92 85 62 16 95 31 26 10 14 30 74 98 61 92 15 11 72 18 22 1 95 49 2 19 5 63 67 64 97 53 4 89 91 66 5 38 49 31 49 63 13 75 13 26 67 28 90 39 99 12 92 46 13 94 65 70 9 84 34 6 38 38 95 
81 56 52 19 5 35 68 68 0 95 33 26 14 14 68 53 65 80 97 11 46 91 76 16 0 61 51 58 51 41 5 84 98 9 3 3 44 24 24 96 19 57 75 34 23 43 39 88 76 37 99 22 80 28 90 33 41 41 91 92 35 97 76 33 6 31 88 3 55 12 99 27 22 26 13 45 70 52 34 46 41 85 20 22 13 10 55 54 4 98 46 39 95 74 72 54 6 60 57 13 
25 8 40 99 35 53 44 57 58 30 3 99 16 23 73 29 85 80 84 89 79 82 28 26 9 52 80 67 65 89 80 90 50 73 89 37 78 85 94 36 16 49 88 32 24 13 61 9 46 97 99 25 32 79 3 41 32 84 8 97 25 40 39 75 65 80 12 44 65 58 32 81 7 72 65 31 86 79 93 32 76 92 9 8 71 64 1 55 0 9 4 26 2 43 53 67 23 18 63 41 
76 96 22 84 20 40 67 6 19 60 90 47 4 51 8 28 16 9 83 16 71 88 94 73 83 48 92 59 66 56 0 42 4 74 78 24 14 98 83 33 58 25 33 63 77 41 43 45 50 26 13 21 66 8 46 2 8 91 61 74 47 61 68 3 35 99 27 50 97 10 35 7 88 68 22 65 61 65 62 12 44 75 85 62 35 84 64 43 75 25 69 74 86 90 77 74 89 4 76 38 
67 63 45 55 84 20 72 45 85 86 57 81 13 95 44 49 79 8 44 54 86 66 80 24 56 57 98 45 13 26 35 32 90 80 39 74 52 63 19 38 49 29 71 63 76 15 64 55 76 60 61 62 26 41 38 82 50 89 79 63 15 14 96 57 47 35 31 99 99 3 89 0 84 61 15 12 28 31 67 56 92 80 70 18 73 9 53 23 98 84 86 13 99 34 23 98 22 6 49 73 
9 91 73 45 4 41 57 32 72 76 41 64 8 11 35 81 20 40 4 18 24 43 84 75 29 7 73 51 13 75 76 75 66 2 72 22 43 82 6 15 10 47 32 19 59 19 52 79 59 9 50 83 4 34 59 33 93 84 37 58 11 13 85 29 15 58 51 58 92 58 26 2 5 58 73 64 77 26 96 88 35 46 71 91 32 82 24 25 19 61 35 30 27 21 12 42 31 63 53 23 
21 79 77 79 89 51 43 18 29 39 6 16 37 29 7 69 12 83 46 83 97 82 65 24 55 77 18 38 41 71 61 14 2 90 93 43 93 89 61 22 80 67 90 18 97 97 39 61 33 86 44 30 20 61 54 27 39 72 65 32 96 78 46 50 20 40 94 14 81 7 88 61 75 79 31 24 28 71 37 61 9 81 43 81 42 97 8 33 22 25 65 18 3 12 20 75 4 14 89 37 
22 30 98 49 9 30 25 89 1 62 3 62 95 46 43 89 96 51 23 18 76 40 88 31 4 60 6 60 27 48 97 1 78 96 50 39 78 27 80 31 89 83 93 36 82 36 25 30 87 0 48 15 41 88 98 97 48 56 58 75 56 55 28 34 3 78 25 81 57 6 12 98 41 5 34 23 41 12 53 80 64 53 47 57 93 97 55 94 6 13 21 62 20 50 49 24 80 74 5 38 
80 18 36 22 75 23 97 17 35 3 49 99 8 49 57 2 46 12 96 52 77 69 15 97 19 64 21 0 90 79 38 71 97 26 45 24 49 42 93 84 97 43 36 6 92 93 8 90 57 56 43 34 25 10 31 97 26 5 97 16 84 87 39 33 65 84 57 67 79 51 51 76 46 39 34 38 84 94 28 41 2 23 27 80 33 59 77 11 16 26 28 0 65 19 85 30 4 42 97 35 
45 1 63 91 92 50 81 77 44 62 18 47 85 46 27 71 57 4 34 25 82 14 77 47 34 62 29 90 56 79 25 2 80 40 45 72 90 79 1 35 41 20 34 78 18 13 49 75 69 36 52 51 50 29 98 84 91 79 74 99 58 51 1 90 44 99 63 34 78 64 21 71 36 7 49 54 20 51 81 89 87 33 40 37 14 90 22 5 70 48 5 80 52 58 71 96 9 86 82 39 
2 56 10 39 63 60 45 84 63 79 73 50 64 66 87 79 8 61 36 78 62 93 11 14 4 82 62 13 68 44 5 70 0 15 61 16 27 7 0 90 38 25 92 2 43 32 33 52 93 70 82 7 15 93 73 19 27 35 85 95 32 90 66 84 57 79 0 37 86 52 27 76 30 20 79 73 52 64 77 97 34 12 57 2 57 30 21 85 18 58 80 2 0 98 86 58 78 87 95 16 
91 74 93 21 46 24 47 50 88 76 0 75 88 57 77 46 39 50 31 9 9 63 11 9 62 98 19 40 37 66 8 28 93 1 2 39 77 49 90 66 25 42 41 66 51 18 12 90 68 95 52 29 58 63 91 20 13 10 12 50 77 73 31 70 26 33 61 4 34 3 70 11 45 63 77 96 33 41 39 53 88 91 83 47 54 74 19 68 36 84 70 65 57 1 87 83 86 49 87 72 
52 9 36 50 24 65 46 9 7 37 63 47 28 98 94 35 24 14 3 60 98 25 26 7 79 13 90 17 14 30 90 67 91 26 69 16 91 15 77 50 53 40 98 33 38 44 68 14 10 23 75 8 49 53 67 28 66 58 97 33 40 87 0 31 65 21 99 9 36 77 59 41 69 9 27 60 54 95 74 64 19 49 25 20 2 92 0 21 2 97 54 42 37 6 26 2 79 77 11 15 
54 23 9 24 84 36 84 90 83 10 55 54 60 32 74 14 76 26 87 31 24 93 73 61 51 51 15 30 29 27 98 83 2 59 59 86 47 95 77 30 6 84 85 18 68 11 32 44 38 72 75 62 65 1 75 69 52 90 99 81 69 49 17 23 8 28 10 55 24 39 86 82 23 23 0 43 86 84 87 24 56 15 38 74 68 13 43 20 56 94 54 77 44 23 1 52 51 63 60 27 
2 98 9 77 21 9 20 7 94 59 84 2 74 22 76 42 88 71 15 96 66 21 25 62 44 26 14 95 89 26 75 43 24 84 20 97 46 92 57 92 52 41 94 78 15 23 73 55 94 88 51 12 61 77 74 5 55 41 52 97 19 27 40 44 64 13 41 10 5 98 2 9 91 96 88 7 71 61 62 66 1 66 30 62 95 57 67 50 50 71 99 69 99 92 65 63 5 7 73 62 
57 27 72 49 23 12 56 95 73 70 13 74 36 95 36 31 4 55 34 54 26 33 76 77 25 41 92 82 48 17 97 6 44 21 7 20 33 63 67 6 33 80 32 22 27 68 5 32 75 39 38 1 25 14 31 50 8 23 85 56 41 82 14 85 3 21 5 36 36 24 94 22 56 26 44 84 46 49 68 21 41 6 74 66 73 5 68 81 29 5 89 22 87 56 59 42 29 17 30 66 
41 24 40 98 2 84 82 48 85 50 21 78 8 96 44 81 53 65 14 82 70 4 56 10 60 16 4 89 33 35 7 74 59 47 72 14 31 6 62 69 8 36 47 17 32 44 50 37 61 65 72 83 69 28 45 81 44 50 70 77 85 78 4 96 77 76 10 61 35 25 30 43 61 29 12 45 25 63 82 38 80 6 22 49 35 67 82 79 69 4 9 54 82 13 3 12 41 13 73 76 
90 3 20 3 84 32 0 62 47 83 0 27 89 22 28 76 42 10 56 11 15 17 18 49 30 21 61 71 86 34 48 77 89 20 80 74 52 81 36 0 16 36 27 57 11 56 86 5 18 42 68 33 11 86 83 41 7 96 64 46 31 12 23 20 32 55 46 37 88 34 37 56 23 16 66 34 24 52 91 43 94 59 76 5 46 11 98 5 8 62 51 91 27 26 11 11 34 10 48 22 
44 37 31 67 54 97 53 30 49 44 73 95 4 2 52 2 65 50 7 73 64 11 16 91 37 80 55 23 90 3 98 34 93 29 54 99 26 59 29 75 4 55 22 60 57 74 62 74 76 69 0 40 32 16 84 22 96 39 45 86 94 43 73 39 72 79 38 50 38 68 77 42 75 99 54 84 73 16 58 49 38 58 42 70 75 78 44 23 69 90 10 63 85 35 55 10 14 93 60 4 
13 38 99 88 37 53 72 63 70 83 64 60 41 6 82 68 36 27 92 5 69 54 21 54 89 76 16 55 69 77 59 35 67 58 23 56 12 48 19 34 31 36 46 72 94 28 93 31 7 85 36 76 39 9 83 28 85 99 35 7 28 94 42 95 53 17 4 17 65 75 3 48 11 49 73 6 77 66 37 85 3 25 13 42 35 96 22 72 48 57 31 28 51 73 24 56 43 80 25 60 
55 28 9 67 77 34 73 55 0 62 92 3 87 57 97 74 54 19 47 54 28 78 82 31 4 58 40 99 38 65 59 46 94 20 13 71 54 38 78 6 52 70 61 39 28 58 66 34 29 65 40 9 43 22 41 99 33 81 50 23 46 10 69 40 82 82 64 89 72 42 95 24 65 9 16 45 67 82 31 49 47 71 58 42 45 51 94 78 32 44 2 31 6 71 23 41 6 87 30 30 
30 77 55 95 86 23 92 6 5 23 7 4 94 65 46 91 69 40 70 1 37 24 84 43 95 8 84 53 95 66 84 77 44 91 24 82 14 16 40 71 39 47 75 85 65 21 77 34 14 99 87 51 23 72 46 70 32 31 24 27 49 60 5 93 51 81 76 17 98 68 88 89 16 63 75 81 36 4 67 50 3 54 53 26 78 52 96 10 35 72 38 84 84 95 78 35 28 6 4 26 
74 92 16 42 7 43 75 44 99 42 46 2 97 0 80 27 52 28 38 87 1 28 23 85 23 1 73 3 59 29 30 86 22 98 28 29 93 4 25 92 98 72 46 95 24 26 23 28 54 13 67 7 41 90 45 16 92 70 19 3 99 1 89 21 99 70 3 44 26 28 36 24 52 82 72 76 60 47 4 15 60 71 74 1 62 19 69 6 89 88 9 41 90 51 62 41 73 17 86 99 
98 22 75 50 57 47 27 17 46 31 84 6 3 11 59 17 30 28 23 72 69 84 13 59 87 27 0 60 97 38 11 95 13 87 45 70 86 72 39 33 56 76 91 11 87 51 28 69 31 51 41 0 87 6 11 75 86 64 87 83 2 99 78 15 38 23 37 76 48 77 9 4 53 53 15 40 56 95 9 87 98 3 40 85 61 3 60 47 67 0 30 70 99 8 37 37 84 75 13 32 
52 75 88 57 80 55 49 36 50 10 75 48 65 67 85 27 71 98 74 38 98 5 60 49 65 98 38 49 73 3 33 77 78 21 86 58 28 35 46 30 97 22 30 63 89 16 90 12 14 64 51 64 21 63 13 87 61 51 88 86 54 22 15 85 95 1 95 76 88 42 6 86 16 37 49 57 53 39 70 19 55 73 35 29 36 48 68 50 51 56 88 5 30 56 42 78 9 38 54 98 
