40
312
482 485 493 489 489 499 496 490 485 486 496 489 496 496 492 481 493 491 498 481 486 489 480 497 492 485 493 481 494 485 482 486 497 481 498 482 482 492 482 488 
874 1177 1131 1229 1067 1263 1240 928 952 1043 873 1086 870 1253 1253 1048 914 1035 1035 1189 1046 979 1271 1064 998 1172 894 1122 1183 1026 902 883 985 1228 1297 993 916 1295 1195 1278 
9 18 12 10 8 18 6 17 8 18 7 18 8 16 14 16 14 13 12 11 18 8 11 16 17 19 13 15 5 6 15 8 18 9 7 15 10 18 10 19 
0 31 33 56 18 59 27 33 41 59 52 27 49 46 38 36 50 26 54 30 33 18 56 56 37 42 45 35 35 58 53 37 17 59 42 55 28 53 35 28 29 
31 0 59 40 51 31 21 52 47 39 36 22 42 28 46 32 56 30 35 19 17 30 39 32 48 53 23 25 35 52 35 24 38 59 45 23 59 25 46 46 27 
33 59 0 34 48 25 59 15 59 34 49 25 43 59 17 21 51 58 31 24 17 59 54 25 45 17 57 49 25 42 36 41 55 38 30 50 19 29 27 21 54 
56 40 34 0 34 42 35 30 47 54 15 54 18 26 31 18 21 49 52 42 29 26 48 57 54 46 30 41 40 15 47 35 33 23 47 51 15 33 26 26 53 
18 51 48 34 0 42 54 33 59 27 45 42 54 36 36 46 44 27 19 17 51 21 28 35 30 59 38 20 53 59 37 17 22 27 42 50 25 52 15 47 30 
59 31 25 42 42 0 56 54 43 16 26 30 38 35 15 35 32 40 18 29 26 50 56 45 58 56 49 29 54 59 20 54 22 53 30 58 42 57 25 33 49 
27 21 59 35 54 56 0 44 32 21 52 32 23 22 22 39 34 56 29 25 33 31 45 25 25 43 18 57 56 27 59 46 49 38 33 37 53 36 22 37 53 
33 52 15 30 33 54 44 0 56 28 47 29 17 44 25 33 27 25 45 49 30 15 32 26 18 20 59 31 25 18 37 56 41 18 45 16 57 16 58 51 25 
41 47 59 47 59 43 32 56 0 27 46 25 19 17 37 32 25 44 23 20 52 24 34 28 39 27 51 53 40 39 23 48 17 16 20 56 55 31 18 22 34 
59 39 34 54 27 16 21 28 27 0 31 33 21 46 24 51 25 22 48 29 29 21 15 38 45 23 18 21 52 58 51 53 18 20 24 26 16 23 51 29 57 
52 36 49 15 45 26 52 47 46 31 0 26 29 59 29 33 43 41 17 19 31 22 26 37 23 40 29 46 37 58 43 21 20 27 36 28 30 59 52 48 26 
27 22 25 54 42 30 32 29 25 33 26 0 59 21 58 35 46 53 56 15 48 53 27 56 18 17 20 37 33 46 47 39 40 32 43 50 50 29 27 29 25 
49 42 43 18 54 38 23 17 19 21 29 59 0 34 24 20 58 37 51 19 24 24 37 33 37 38 16 41 20 16 59 46 33 34 29 52 51 23 31 54 19 
46 28 59 26 36 35 22 44 17 46 59 21 34 0 29 25 49 42 29 51 25 41 55 52 26 18 51 49 46 16 17 48 52 30 43 41 31 25 19 23 46 
38 46 17 31 36 15 22 25 37 24 29 58 24 29 0 37 41 51 33 53 37 53 15 33 50 31 37 42 43 54 25 52 54 23 58 31 32 53 25 33 28 
36 32 21 18 46 35 39 33 32 51 33 35 20 25 37 0 48 35 19 44 32 55 51 34 35 28 48 28 39 25 47 48 26 18 19 56 52 29 19 34 36 
50 56 51 21 44 32 34 27 25 25 43 46 58 49 41 48 0 49 16 53 32 50 42 54 46 54 44 56 57 23 45 24 47 18 59 43 25 30 37 55 59 
26 30 58 49 27 40 56 25 44 22 41 53 37 42 51 35 49 0 39 27 34 58 51 42 25 54 44 52 20 58 43 15 42 31 40 40 18 19 53 23 57 
54 35 31 52 19 18 29 45 23 48 17 56 51 29 33 19 16 39 0 21 35 57 58 53 40 45 37 42 34 32 29 37 46 38 29 43 18 33 15 40 39 
30 19 24 42 17 29 25 49 20 29 19 15 19 51 53 44 53 27 21 0 25 26 34 24 24 33 23 23 21 41 49 20 17 31 47 36 38 57 44 20 48 
33 17 17 29 51 26 33 30 52 29 31 48 24 25 37 32 32 34 35 25 0 37 23 41 54 38 23 26 29 56 24 28 40 30 15 40 55 58 55 16 58 
18 30 59 26 21 50 31 15 24 21 22 53 24 41 53 55 50 58 57 26 37 0 48 23 57 45 55 50 56 15 28 20 41 54 22 46 51 32 24 25 39 
56 39 54 48 28 56 45 32 34 15 26 27 37 55 15 51 42 51 58 34 23 48 0 47 59 37 59 45 48 22 16 49 47 44 41 34 53 32 15 20 45 
56 32 25 57 35 45 25 26 28 38 37 56 33 52 33 34 54 42 53 24 41 23 47 0 50 46 35 33 32 16 53 30 56 48 37 54 28 42 37 29 45 
37 48 45 54 30 58 25 18 39 45 23 18 37 26 50 35 46 25 40 24 54 57 59 50 0 36 50 35 42 15 49 51 53 34 57 41 47 57 54 15 51 
42 53 17 46 59 56 43 20 27 23 40 17 38 18 31 28 54 54 45 33 38 45 37 46 36 0 47 43 36 28 49 54 31 20 44 18 19 24 37 39 16 
45 23 57 30 38 49 18 59 51 18 29 20 16 51 37 48 44 44 37 23 23 55 59 35 50 47 0 21 22 49 42 37 28 32 45 27 21 41 42 50 22 
35 25 49 41 20 29 57 31 53 21 46 37 41 49 42 28 56 52 42 23 26 50 45 33 35 43 21 0 19 27 47 58 15 21 38 30 17 37 39 24 28 
35 35 25 40 53 54 56 25 40 52 37 33 20 46 43 39 57 20 34 21 29 56 48 32 42 36 22 19 0 36 57 18 19 20 34 21 35 44 57 42 53 
58 52 42 15 59 59 27 18 39 58 58 46 16 16 54 25 23 58 32 41 56 15 22 16 15 28 49 27 36 0 47 41 18 24 44 38 23 45 50 34 55 
53 35 36 47 37 20 59 37 23 51 43 47 59 17 25 47 45 43 29 49 24 28 16 53 49 49 42 47 57 47 0 35 40 28 44 17 24 48 53 44 28 
37 24 41 35 17 54 46 56 48 53 21 39 46 48 52 48 24 15 37 20 28 20 49 30 51 54 37 58 18 41 35 0 45 25 29 43 33 42 51 59 27 
17 38 55 33 22 22 49 41 17 18 20 40 33 52 54 26 47 42 46 17 40 41 47 56 53 31 28 15 19 18 40 45 0 41 41 56 35 49 44 35 53 
59 59 38 23 27 53 38 18 16 20 27 32 34 30 23 18 18 31 38 31 30 54 44 48 34 20 32 21 20 24 28 25 41 0 45 24 45 16 44 59 33 
42 45 30 47 42 30 33 45 20 24 36 43 29 43 58 19 59 40 29 47 15 22 41 37 57 44 45 38 34 44 44 29 41 45 0 21 50 45 29 51 16 
55 23 50 51 50 58 37 16 56 26 28 50 52 41 31 56 43 40 43 36 40 46 34 54 41 18 27 30 21 38 17 43 56 24 21 0 49 46 30 32 38 
28 59 19 15 25 42 53 57 55 16 30 50 51 31 32 52 25 18 18 38 55 51 53 28 47 19 21 17 35 23 24 33 35 45 50 49 0 36 36 33 39 
53 25 29 33 52 57 36 16 31 23 59 29 23 25 53 29 30 19 33 57 58 32 32 42 57 24 41 37 44 45 48 42 49 16 45 46 36 0 37 20 50 
35 46 27 26 15 25 22 58 18 51 52 27 31 19 25 19 37 53 15 44 55 24 15 37 54 37 42 39 57 50 53 51 44 44 29 30 36 37 0 37 53 
28 46 21 26 47 33 37 51 22 29 48 29 54 23 33 34 55 23 40 20 16 25 20 29 15 39 50 24 42 34 44 59 35 59 51 32 33 20 37 0 41 
29 27 54 53 30 49 53 25 34 57 26 25 19 46 28 36 59 57 39 48 58 39 45 45 51 16 22 28 53 55 28 27 53 33 16 38 39 50 53 41 0 
0 9 14 7 24 16 12 6 21 11 10 22 5 14 10 21 16 6 22 6 12 10 14 12 20 19 7 6 13 6 12 16 8 24 5 11 19 24 23 5 14 
9 0 9 14 12 18 6 24 21 24 5 23 13 13 16 22 20 23 7 10 22 8 10 10 7 18 22 6 14 14 5 21 15 11 7 21 7 7 24 17 21 
14 9 0 14 7 17 10 19 13 11 5 7 20 18 17 21 15 7 13 16 7 5 23 16 14 22 16 19 16 8 20 9 24 6 5 20 23 6 19 6 20 
7 14 14 0 5 19 9 18 7 8 9 7 13 24 20 22 14 8 6 13 17 24 24 13 9 6 24 14 18 21 20 14 12 14 24 23 19 14 13 14 22 
24 12 7 5 0 15 15 8 10 14 11 7 14 22 23 8 23 12 9 17 22 6 18 6 7 6 8 22 11 11 14 16 6 19 24 19 10 22 7 8 7 
16 18 17 19 15 0 6 22 15 12 16 8 13 20 23 10 16 18 24 18 16 19 18 6 15 9 11 22 21 18 21 8 14 23 20 7 12 7 20 23 21 
12 6 10 9 15 6 0 24 23 13 14 12 8 11 7 22 23 6 20 23 23 16 11 24 18 16 16 11 20 15 18 18 5 12 8 17 5 20 21 22 7 
6 24 19 18 8 22 24 0 17 24 15 21 24 21 16 24 18 13 15 8 24 21 19 16 7 10 20 8 23 23 6 15 5 20 8 7 12 8 23 12 24 
21 21 13 7 10 15 23 17 0 7 20 14 5 7 22 7 15 5 11 5 20 6 11 24 12 7 10 13 6 6 19 8 23 24 9 24 14 5 6 17 23 
11 24 11 8 14 12 13 24 7 0 19 8 5 18 8 7 19 13 14 15 10 14 20 18 23 10 19 9 19 10 23 13 16 13 20 20 11 12 5 24 22 
10 5 5 9 11 16 14 15 20 19 0 6 12 23 23 15 20 8 13 11 13 14 7 21 7 6 5 14 6 13 11 13 8 13 9 20 20 9 11 21 11 
22 23 7 7 7 8 12 21 14 8 6 0 23 17 12 18 5 21 12 8 24 5 22 18 9 5 24 17 19 5 24 24 6 8 21 19 18 9 23 7 11 
5 13 20 13 14 13 8 24 5 5 12 23 0 19 12 8 5 24 18 21 9 14 21 16 7 22 21 14 24 15 21 17 19 24 11 8 7 9 12 8 20 
14 13 18 24 22 20 11 21 7 18 23 17 19 0 16 20 7 11 8 11 23 21 23 23 5 24 6 10 18 9 17 8 19 10 5 11 12 12 21 23 24 
10 16 17 20 23 23 7 16 22 8 23 12 12 16 0 21 24 20 22 16 24 11 6 21 7 9 24 16 12 19 13 6 9 23 8 19 6 17 13 5 15 
21 22 21 22 8 10 22 24 7 7 15 18 8 20 21 0 14 16 13 17 9 19 16 17 11 21 8 7 5 22 9 5 18 8 13 9 12 19 15 23 21 
16 20 15 14 23 16 23 18 15 19 20 5 5 7 24 14 0 14 24 8 5 10 19 9 5 5 23 16 20 20 16 14 20 21 14 13 10 5 6 9 9 
6 23 7 8 12 18 6 13 5 13 8 21 24 11 20 16 14 0 18 20 18 11 9 15 16 14 23 16 8 15 21 5 15 22 6 20 18 13 20 17 20 
22 7 13 6 9 24 20 15 11 14 13 12 18 8 22 13 24 18 0 11 20 18 8 9 24 10 18 8 15 13 13 11 20 13 13 7 11 8 22 24 22 
6 10 16 13 17 18 23 8 5 15 11 8 21 11 16 17 8 20 11 0 18 13 12 15 14 10 16 15 14 12 11 15 10 10 22 15 7 7 18 18 17 
12 22 7 17 22 16 23 24 20 10 13 24 9 23 24 9 5 18 20 18 0 20 22 12 14 17 16 7 23 21 15 20 24 16 23 9 8 21 24 10 24 
10 8 5 24 6 19 16 21 6 14 14 5 14 21 11 19 10 11 18 13 20 0 13 18 20 12 19 18 22 6 9 19 19 6 11 16 22 14 11 18 14 
14 10 23 24 18 18 11 19 11 20 7 22 21 23 6 16 19 9 8 12 22 13 0 21 10 18 13 21 11 23 23 23 6 6 19 11 11 23 22 24 8 
12 10 16 13 6 6 24 16 24 18 21 18 16 23 21 17 9 15 9 15 12 18 21 0 21 9 18 5 15 19 7 16 14 16 13 9 23 8 10 13 9 
20 7 14 9 7 15 18 7 12 23 7 9 7 5 7 11 5 16 24 14 14 20 10 21 0 19 10 14 16 13 18 14 21 23 22 22 6 10 8 21 22 
19 18 22 6 6 9 16 10 7 10 6 5 22 24 9 21 5 14 10 10 17 12 18 9 19 0 24 17 12 6 21 9 9 11 10 11 19 8 18 19 13 
7 22 16 24 8 11 16 20 10 19 5 24 21 6 24 8 23 23 18 16 16 19 13 18 10 24 0 5 15 11 17 14 8 5 9 9 5 15 18 15 11 
6 6 19 14 22 22 11 8 13 9 14 17 14 10 16 7 16 16 8 15 7 18 21 5 14 17 5 0 18 6 22 15 21 20 12 17 10 6 8 18 7 
13 14 16 18 11 21 20 23 6 19 6 19 24 18 12 5 20 8 15 14 23 22 11 15 16 12 15 18 0 23 6 11 23 7 21 5 8 12 9 19 8 
6 14 8 21 11 18 15 23 6 10 13 5 15 9 19 22 20 15 13 12 21 6 23 19 13 6 11 6 23 0 18 20 23 16 24 22 6 9 10 8 5 
12 5 20 20 14 21 18 6 19 23 11 24 21 17 13 9 16 21 13 11 15 9 23 7 18 21 17 22 6 18 0 19 15 17 20 17 8 9 11 14 10 
16 21 9 14 16 8 18 15 8 13 13 24 17 8 6 5 14 5 11 15 20 19 23 16 14 9 14 15 11 20 19 0 15 16 10 18 22 9 8 8 17 
8 15 24 12 6 14 5 5 23 16 8 6 19 19 9 18 20 15 20 10 24 19 6 14 21 9 8 21 23 23 15 15 0 7 8 7 23 16 22 22 11 
24 11 6 14 19 23 12 20 24 13 13 8 24 10 23 8 21 22 13 10 16 6 6 16 23 11 5 20 7 16 17 16 7 0 10 13 14 9 16 23 24 
5 7 5 24 24 20 8 8 9 20 9 21 11 5 8 13 14 6 13 22 23 11 19 13 22 10 9 12 21 24 20 10 8 10 0 5 18 10 15 17 13 
11 21 20 23 19 7 17 7 24 20 20 19 8 11 19 9 13 20 7 15 9 16 11 9 22 11 9 17 5 22 17 18 7 13 5 0 16 17 13 12 20 
19 7 23 19 10 12 5 12 14 11 20 18 7 12 6 12 10 18 11 7 8 22 11 23 6 19 5 10 8 6 8 22 23 14 18 16 0 15 8 15 8 
24 7 6 14 22 7 20 8 5 12 9 9 9 12 17 19 5 13 8 7 21 14 23 8 10 8 15 6 12 9 9 9 16 9 10 17 15 0 15 6 23 
23 24 19 13 7 20 21 23 6 5 11 23 12 21 13 15 6 20 22 18 24 11 22 10 8 18 18 8 9 10 11 8 22 16 15 13 8 15 0 12 21 
5 17 6 14 8 23 22 12 17 24 21 7 8 23 5 23 9 17 24 18 10 18 24 13 21 19 15 18 19 8 14 8 22 23 17 12 15 6 12 0 5 
14 21 20 22 7 21 7 24 23 22 11 11 20 24 15 21 9 20 22 17 24 14 8 9 22 13 11 7 8 5 10 17 11 24 13 20 8 23 21 5 0 
