25
357
488 493 490 484 495 485 497 498 490 499 487 489 480 483 485 481 486 481 491 499 485 483 492 485 499 
935 1278 947 1246 1327 857 1199 940 1248 1126 1305 1023 1013 1121 851 1220 1023 967 1219 1084 1025 1132 1251 1316 1300 
5 16 9 19 15 11 6 13 16 18 15 6 13 15 8 16 15 18 8 17 9 5 13 16 10 
0 28 55 58 18 39 26 36 33 29 41 58 49 36 19 17 37 18 51 49 40 57 48 15 41 56 
28 0 27 25 36 21 51 57 48 19 43 36 30 16 27 49 30 27 42 22 50 33 30 41 20 40 
55 27 0 51 46 55 48 37 17 40 34 16 42 52 55 24 49 31 26 41 15 39 39 43 41 28 
58 25 51 0 53 42 58 28 43 40 20 50 32 35 25 20 56 24 34 36 40 43 59 26 56 48 
18 36 46 53 0 44 16 38 29 50 41 19 24 30 28 30 50 45 15 28 43 59 20 52 54 37 
39 21 55 42 44 0 27 27 59 33 59 39 35 23 16 56 40 26 29 27 28 59 16 38 51 29 
26 51 48 58 16 27 0 53 34 51 49 58 37 19 46 15 17 25 59 59 30 55 26 58 58 48 
36 57 37 28 38 27 53 0 55 34 20 41 15 50 16 28 24 25 24 51 31 54 58 55 50 25 
33 48 17 43 29 59 34 55 0 26 48 40 45 31 19 47 47 25 17 37 52 25 55 37 29 53 
29 19 40 40 50 33 51 34 26 0 52 30 28 28 26 21 55 40 33 54 38 38 24 44 23 56 
41 43 34 20 41 59 49 20 48 52 0 38 43 30 52 48 20 34 53 48 17 42 32 16 45 34 
58 36 16 50 19 39 58 41 40 30 38 0 27 33 42 53 37 33 25 45 30 30 48 22 41 39 
49 30 42 32 24 35 37 15 45 28 43 27 0 48 15 36 46 15 55 38 29 52 51 22 20 50 
36 16 52 35 30 23 19 50 31 28 30 33 48 0 58 31 20 49 26 40 55 41 51 56 39 42 
19 27 55 25 28 16 46 16 19 26 52 42 15 58 0 57 36 48 17 21 28 39 20 39 16 59 
17 49 24 20 30 56 15 28 47 21 48 53 36 31 57 0 23 59 45 43 57 59 17 15 19 31 
37 30 49 56 50 40 17 24 47 55 20 37 46 20 36 23 0 27 51 17 21 26 25 30 59 44 
18 27 31 24 45 26 25 25 25 40 34 33 15 49 48 59 27 0 32 48 59 29 25 33 41 40 
51 42 26 34 15 29 59 24 17 33 53 25 55 26 17 45 51 32 0 44 43 19 23 43 43 17 
49 22 41 36 28 27 59 51 37 54 48 45 38 40 21 43 17 48 44 0 58 52 24 20 51 32 
40 50 15 40 43 28 30 31 52 38 17 30 29 55 28 57 21 59 43 58 0 17 31 23 53 30 
57 33 39 43 59 59 55 54 25 38 42 30 52 41 39 59 26 29 19 52 17 0 31 20 58 47 
48 30 39 59 20 16 26 58 55 24 32 48 51 51 20 17 25 25 23 24 31 31 0 47 58 32 
15 41 43 26 52 38 58 55 37 44 16 22 22 56 39 15 30 33 43 20 23 20 47 0 26 27 
41 20 41 56 54 51 58 50 29 23 45 41 20 39 16 19 59 41 43 51 53 58 58 26 0 23 
56 40 28 48 37 29 48 25 53 56 34 39 50 42 59 31 44 40 17 32 30 47 32 27 23 0 
0 18 21 18 5 23 21 23 10 16 16 13 24 5 8 18 5 23 11 22 20 21 11 11 22 16 
18 0 9 14 5 11 18 11 7 14 11 24 24 21 15 20 21 13 21 22 5 5 24 24 22 20 
21 9 0 18 23 21 23 20 5 20 24 16 14 12 9 14 19 19 20 5 14 24 20 18 11 14 
18 14 18 0 6 18 13 12 13 9 17 6 8 16 18 13 7 8 23 5 21 21 17 16 6 9 
5 5 23 6 0 14 23 23 15 24 21 7 20 21 12 13 13 9 17 24 23 14 24 8 15 24 
23 11 21 18 14 0 16 10 14 14 9 20 21 23 23 6 7 6 12 13 20 22 11 18 19 14 
21 18 23 13 23 16 0 12 20 8 22 24 19 23 10 13 12 20 23 19 15 7 13 17 15 16 
23 11 20 12 23 10 12 0 21 11 18 21 16 6 13 9 12 15 18 6 21 5 17 16 13 9 
10 7 5 13 15 14 20 21 0 24 15 6 16 20 14 17 8 14 21 21 9 19 22 21 15 21 
16 14 20 9 24 14 8 11 24 0 6 23 12 14 23 22 15 18 17 7 8 13 8 20 8 18 
16 11 24 17 21 9 22 18 15 6 0 13 14 14 16 19 21 24 12 6 10 24 20 19 5 6 
13 24 16 6 7 20 24 21 6 23 13 0 19 10 17 19 14 19 21 16 15 17 8 17 8 10 
24 24 14 8 20 21 19 16 16 12 14 19 0 21 21 10 5 6 23 24 9 11 16 8 6 16 
5 21 12 16 21 23 23 6 20 14 14 10 21 0 7 22 22 23 6 5 6 11 22 15 16 11 
8 15 9 18 12 23 10 13 14 23 16 17 21 7 0 7 20 9 7 23 22 20 15 17 19 9 
18 20 14 13 13 6 13 9 17 22 19 19 10 22 7 0 17 14 8 21 11 10 23 19 10 13 
5 21 19 7 13 7 12 12 8 15 21 14 5 22 20 17 0 9 16 17 6 19 8 20 14 10 
23 13 19 8 9 6 20 15 14 18 24 19 6 23 9 14 9 0 20 6 14 17 13 13 18 11 
11 21 20 23 17 12 23 18 21 17 12 21 23 6 7 8 16 20 0 7 10 22 22 11 19 19 
22 22 5 5 24 13 19 6 21 7 6 16 24 5 23 21 17 6 7 0 16 15 10 19 16 23 
20 5 14 21 23 20 15 21 9 8 10 15 9 6 22 11 6 14 10 16 0 17 19 21 21 18 
21 5 24 21 14 22 7 5 19 13 24 17 11 11 20 10 19 17 22 15 17 0 14 24 14 22 
11 24 20 17 24 11 13 17 22 8 20 8 16 22 15 23 8 13 22 10 19 14 0 14 15 21 
11 24 18 16 8 18 17 16 21 20 19 17 8 15 17 19 20 13 11 19 21 24 14 0 13 10 
22 22 11 6 15 19 15 13 15 8 5 8 6 16 19 10 14 18 19 16 21 14 15 13 0 23 
16 20 14 9 24 14 16 9 21 18 6 10 16 11 9 13 10 11 19 23 18 22 21 10 23 0 
