30
357
486 483 484 481 499 485 496 491 498 494 493 498 483 491 483 499 481 493 492 482 494 497 494 485 494 481 494 481 492 485 
942 1195 1155 1109 872 881 1236 1085 1097 1045 1039 1333 1290 1019 1301 1214 1220 1283 1285 1176 1125 1206 1283 1257 1333 1122 1169 1058 1288 1172 
15 6 15 19 15 13 12 13 15 6 14 6 12 8 14 15 18 8 17 16 12 9 11 10 19 8 15 10 10 8 
0 59 57 15 56 17 16 53 20 46 56 44 29 43 25 29 16 27 26 54 58 38 58 57 34 55 21 38 33 25 31 
59 0 17 24 34 24 27 43 20 34 34 27 33 46 38 28 54 44 29 42 23 44 46 18 36 46 28 44 16 40 16 
57 17 0 41 29 44 54 54 47 17 59 55 18 27 43 52 29 52 42 56 51 53 33 45 39 55 25 15 57 28 26 
15 24 41 0 46 49 45 15 58 32 25 20 44 15 15 33 46 25 37 59 53 54 20 20 52 31 50 50 38 38 39 
56 34 29 46 0 50 59 18 18 18 22 32 50 59 22 58 59 32 32 22 47 15 40 51 30 42 38 48 17 38 53 
17 24 44 49 50 0 36 22 45 40 26 44 45 30 44 33 29 33 16 58 38 15 59 41 51 32 34 27 45 56 50 
16 27 54 45 59 36 0 38 20 51 51 44 56 23 58 43 35 33 20 47 53 26 57 17 21 20 55 52 53 43 40 
53 43 54 15 18 22 38 0 22 30 28 50 30 51 56 45 51 39 56 15 21 16 37 58 54 21 44 31 22 57 27 
20 20 47 58 18 45 20 22 0 20 24 34 25 30 23 18 28 22 24 25 53 35 37 27 21 37 16 20 34 20 18 
46 34 17 32 18 40 51 30 20 0 57 53 41 23 35 49 39 43 30 30 32 36 34 33 24 21 54 36 32 45 27 
56 34 59 25 22 26 51 28 24 57 0 41 19 40 31 20 16 53 23 20 51 15 48 32 19 36 46 33 37 56 21 
44 27 55 20 32 44 44 50 34 53 41 0 23 33 16 44 23 23 51 41 29 28 23 57 59 58 38 31 28 25 55 
29 33 18 44 50 45 56 30 25 41 19 23 0 45 43 35 35 39 24 41 15 26 45 48 15 43 49 44 29 53 41 
43 46 27 15 59 30 23 51 30 23 40 33 45 0 24 45 32 27 29 52 58 20 38 22 24 36 30 49 15 42 21 
25 38 43 15 22 44 58 56 23 35 31 16 43 24 0 33 16 20 38 44 20 45 44 43 55 33 37 45 31 21 20 
29 28 52 33 58 33 43 45 18 49 20 44 35 45 33 0 30 55 15 25 29 42 46 46 52 46 17 52 16 26 16 
16 54 29 46 59 29 35 51 28 39 16 23 35 32 16 30 0 40 23 57 28 36 24 37 30 19 49 42 43 37 26 
27 44 52 25 32 33 33 39 22 43 53 23 39 27 20 55 40 0 46 20 57 30 48 55 57 36 28 30 26 34 16 
26 29 42 37 32 16 20 56 24 30 23 51 24 29 38 15 23 46 0 55 54 48 30 34 30 20 17 37 18 21 28 
54 42 56 59 22 58 47 15 25 30 20 41 41 52 44 25 57 20 55 0 31 35 15 38 35 25 39 34 43 29 42 
58 23 51 53 47 38 53 21 53 32 51 29 15 58 20 29 28 57 54 31 0 30 45 43 21 48 54 21 34 52 29 
38 44 53 54 15 15 26 16 35 36 15 28 26 20 45 42 36 30 48 35 30 0 23 25 41 46 33 19 53 20 39 
58 46 33 20 40 59 57 37 37 34 48 23 45 38 44 46 24 48 30 15 45 23 0 32 33 42 38 38 48 41 51 
57 18 45 20 51 41 17 58 27 33 32 57 48 22 43 46 37 55 34 38 43 25 32 0 35 23 27 47 27 23 55 
34 36 39 52 30 51 21 54 21 24 19 59 15 24 55 52 30 57 30 35 21 41 33 35 0 19 44 32 32 23 30 
55 46 55 31 42 32 20 21 37 21 36 58 43 36 33 46 19 36 20 25 48 46 42 23 19 0 17 49 39 37 16 
21 28 25 50 38 34 55 44 16 54 46 38 49 30 37 17 49 28 17 39 54 33 38 27 44 17 0 26 47 56 19 
38 44 15 50 48 27 52 31 20 36 33 31 44 49 45 52 42 30 37 34 21 19 38 47 32 49 26 0 18 32 28 
33 16 57 38 17 45 53 22 34 32 37 28 29 15 31 16 43 26 18 43 34 53 48 27 32 39 47 18 0 44 45 
25 40 28 38 38 56 43 57 20 45 56 25 53 42 21 26 37 34 21 29 52 20 41 23 23 37 56 32 44 0 15 
31 16 26 39 53 50 40 27 18 27 21 55 41 21 20 16 26 16 28 42 29 39 51 55 30 16 19 28 45 15 0 
0 17 11 9 16 12 10 19 14 12 13 21 21 7 10 15 10 5 8 23 12 18 18 23 14 12 13 19 11 19 10 
17 0 20 21 22 6 11 14 10 16 5 13 19 21 15 10 23 14 7 18 20 17 5 18 14 21 24 21 22 10 17 
11 20 0 21 22 14 19 23 12 15 18 20 15 5 10 22 17 7 15 19 23 22 21 12 23 11 14 13 11 6 13 
9 21 21 0 21 13 7 20 10 19 9 14 15 17 14 14 18 9 7 16 5 18 8 5 12 22 24 19 22 6 23 
16 22 22 21 0 14 22 5 9 22 9 16 21 10 9 17 10 19 8 12 6 19 11 23 12 12 22 9 12 13 19 
12 6 14 13 14 0 13 19 19 19 21 19 14 5 11 18 10 13 9 15 10 11 13 19 7 18 20 11 6 12 23 
10 11 19 7 22 13 0 22 10 22 16 13 12 6 19 14 21 8 13 15 17 5 22 21 10 13 19 17 5 12 15 
19 14 23 20 5 19 22 0 22 21 22 15 22 14 21 5 15 17 8 14 14 21 21 21 10 7 7 12 14 11 15 
14 10 12 10 9 19 10 22 0 9 14 10 9 10 16 13 8 14 13 24 14 12 14 12 21 10 20 10 24 19 24 
12 16 15 19 22 19 22 21 9 0 20 18 10 20 15 14 19 20 5 10 13 8 14 6 10 8 13 22 14 10 7 
13 5 18 9 9 21 16 22 14 20 0 8 6 19 18 17 6 21 5 22 23 9 18 15 7 10 23 15 6 6 21 
21 13 20 14 16 19 13 15 10 18 8 0 12 9 17 9 22 23 7 5 19 20 6 11 11 15 22 14 9 20 14 
21 19 15 15 21 14 12 22 9 10 6 12 0 22 18 14 21 14 20 11 17 5 8 22 23 10 7 6 19 5 7 
7 21 5 17 10 5 6 14 10 20 19 9 22 0 13 23 5 14 12 13 12 15 18 14 8 12 21 23 5 16 16 
10 15 10 14 9 11 19 21 16 15 18 17 18 13 0 6 20 15 15 21 9 12 5 11 5 15 16 24 20 12 24 
15 10 22 14 17 18 14 5 13 14 17 9 14 23 6 0 16 18 24 17 19 17 12 15 24 14 19 12 20 21 21 
10 23 17 18 10 10 21 15 8 19 6 22 21 5 20 16 0 5 6 16 10 18 18 9 7 16 7 24 13 14 18 
5 14 7 9 19 13 8 17 14 20 21 23 14 14 15 18 5 0 19 21 12 9 23 13 8 16 12 14 10 19 10 
8 7 15 7 8 9 13 8 13 5 5 7 20 12 15 24 6 19 0 5 14 9 16 15 9 13 7 5 5 24 23 
23 18 19 16 12 15 15 14 24 10 22 5 11 13 21 17 16 21 5 0 14 8 15 5 9 20 10 9 22 9 6 
12 20 23 5 6 10 17 14 14 13 23 19 17 12 9 19 10 12 14 14 0 17 20 20 24 15 5 7 8 19 12 
18 17 22 18 19 11 5 21 12 8 9 20 5 15 12 17 18 9 9 8 17 0 18 9 16 8 16 18 16 13 24 
18 5 21 8 11 13 22 21 14 14 18 6 8 18 5 12 18 23 16 15 20 18 0 14 16 7 23 5 15 15 19 
23 18 12 5 23 19 21 21 12 6 15 11 22 14 11 15 9 13 15 5 20 9 14 0 8 20 24 23 12 6 23 
14 14 23 12 12 7 10 10 21 10 7 11 23 8 5 24 7 8 9 9 24 16 16 8 0 6 14 15 18 18 10 
12 21 11 22 12 18 13 7 10 8 10 15 10 12 15 14 16 16 13 20 15 8 7 20 6 0 9 17 12 14 5 
13 24 14 24 22 20 19 7 20 13 23 22 7 21 16 19 7 12 7 10 5 16 23 24 14 9 0 19 22 17 23 
19 21 13 19 9 11 17 12 10 22 15 14 6 23 24 12 24 14 5 9 7 18 5 23 15 17 19 0 22 22 18 
11 22 11 22 12 6 5 14 24 14 6 9 19 5 20 20 13 10 5 22 8 16 15 12 18 12 22 22 0 8 16 
19 10 6 6 13 12 12 11 19 10 6 20 5 16 12 21 14 19 24 9 19 13 15 6 18 14 17 22 8 0 19 
10 17 13 23 19 23 15 15 24 7 21 14 7 16 24 21 18 10 23 6 12 24 19 23 10 5 23 18 16 19 0 
